    0,1,1
0,0,1.000,0.500
    1,1,1
0,0,0.983,0.629
    2,1,1
0,0,0.933,0.750
    3,1,1
0,0,0.854,0.854
    4,1,1
0,0,0.750,0.933
    5,1,1
0,0,0.629,0.983
    6,1,1
0,0,0.500,1.000
    7,1,1
0,0,0.371,0.983
    8,1,1
0,0,0.250,0.933
    9,1,1
0,0,0.146,0.854
   10,1,1
0,0,0.067,0.750
   11,1,1
0,0,0.017,0.629
   12,1,1
0,0,0.000,0.500
   13,1,1
0,0,0.017,0.371
   14,1,1
0,0,0.067,0.250
   15,1,1
0,0,0.146,0.146
   16,1,1
0,0,0.250,0.067
   17,1,1
0,0,0.371,0.017
   18,1,1
0,0,0.500,0.000
   19,1,1
0,0,0.629,0.017
   20,1,1
0,0,0.750,0.067
   21,1,1
0,0,0.854,0.146
   22,1,1
0,0,0.933,0.250
   23,1,1
0,0,0.983,0.371
   24,1,1
0,0,0.5,0.5
