2211
1,1,4,1,1,qam,0.5
2,1,8,1,1,qam,0.5
3,1,10,1,1,qam,0.5
4,1,13,1,1,qam,0.5
5,1,14,1,1,qam,0.5
6,1,16,1,1,qam,0.5
7,1,17,1,1,qam,0.5
8,1,18,1,1,qam,0.5
9,1,19,1,1,qam,0.5
10,1,24,1,1,qam,0.5
11,1,27,1,1,qam,0.5
12,1,28,1,1,qam,0.5
13,1,29,1,1,qam,0.5
14,1,30,1,1,qam,0.5
15,1,33,1,1,qam,0.5
16,1,37,1,1,qam,0.5
17,1,38,1,1,qam,0.5
18,1,40,1,1,qam,0.5
19,1,41,1,1,qam,0.5
20,1,44,1,1,qam,0.5
21,1,49,1,1,qam,0.5
22,2,3,1,1,qam,0.5
23,2,5,1,1,qam,0.5
24,2,6,1,1,qam,0.5
25,2,7,1,1,qam,0.5
26,2,9,1,1,qam,0.5
27,2,11,1,1,qam,0.5
28,2,12,1,1,qam,0.5
29,2,15,1,1,qam,0.5
30,2,19,1,1,qam,0.5
31,2,20,1,1,qam,0.5
32,2,21,1,1,qam,0.5
33,2,22,1,1,qam,0.5
34,2,23,1,1,qam,0.5
35,2,25,1,1,qam,0.5
36,2,26,1,1,qam,0.5
37,2,27,1,1,qam,0.5
38,2,28,1,1,qam,0.5
39,2,31,1,1,qam,0.5
40,2,32,1,1,qam,0.5
41,2,34,1,1,qam,0.5
42,2,35,1,1,qam,0.5
43,2,36,1,1,qam,0.5
44,2,39,1,1,qam,0.5
45,2,42,1,1,qam,0.5
46,2,45,1,1,qam,0.5
47,2,46,1,1,qam,0.5
48,2,47,1,1,qam,0.5
49,2,48,1,1,qam,0.5
50,2,51,1,1,qam,0.5
51,2,52,1,1,qam,0.5
52,2,53,1,1,qam,0.5
53,3,5,1,1,qam,0.5
54,3,6,1,1,qam,0.5
55,3,7,1,1,qam,0.5
56,3,9,1,1,qam,0.5
57,3,11,1,1,qam,0.5
58,3,12,1,1,qam,0.5
59,3,14,1,1,qam,0.5
60,3,15,1,1,qam,0.5
61,3,19,1,1,qam,0.5
62,3,20,1,1,qam,0.5
63,3,21,1,1,qam,0.5
64,3,22,1,1,qam,0.5
65,3,23,1,1,qam,0.5
66,3,25,1,1,qam,0.5
67,3,26,1,1,qam,0.5
68,3,27,1,1,qam,0.5
69,3,28,1,1,qam,0.5
70,3,29,1,1,qam,0.5
71,3,30,1,1,qam,0.5
72,3,31,1,1,qam,0.5
73,3,32,1,1,qam,0.5
74,3,34,1,1,qam,0.5
75,3,35,1,1,qam,0.5
76,3,36,1,1,qam,0.5
77,3,39,1,1,qam,0.5
78,3,42,1,1,qam,0.5
79,3,43,1,1,qam,0.5
80,3,45,1,1,qam,0.5
81,3,46,1,1,qam,0.5
82,3,47,1,1,qam,0.5
83,3,48,1,1,qam,0.5
84,3,50,1,1,qam,0.5
85,3,51,1,1,qam,0.5
86,3,52,1,1,qam,0.5
87,3,53,1,1,qam,0.5
88,4,8,1,1,qam,0.5
89,4,10,1,1,qam,0.5
90,4,13,1,1,qam,0.5
91,4,14,1,1,qam,0.5
92,4,16,1,1,qam,0.5
93,4,17,1,1,qam,0.5
94,4,18,1,1,qam,0.5
95,4,19,1,1,qam,0.5
96,4,24,1,1,qam,0.5
97,4,27,1,1,qam,0.5
98,4,29,1,1,qam,0.5
99,4,30,1,1,qam,0.5
100,4,33,1,1,qam,0.5
101,4,37,1,1,qam,0.5
102,4,38,1,1,qam,0.5
103,4,40,1,1,qam,0.5
104,4,41,1,1,qam,0.5
105,4,44,1,1,qam,0.5
106,4,49,1,1,qam,0.5
107,4,54,1,1,qam,0.5
108,5,6,1,1,qam,0.5
109,5,7,1,1,qam,0.5
110,5,9,1,1,qam,0.5
111,5,11,1,1,qam,0.5
112,5,12,1,1,qam,0.5
113,5,14,1,1,qam,0.5
114,5,15,1,1,qam,0.5
115,5,19,1,1,qam,0.5
116,5,20,1,1,qam,0.5
117,5,21,1,1,qam,0.5
118,5,22,1,1,qam,0.5
119,5,23,1,1,qam,0.5
120,5,25,1,1,qam,0.5
121,5,26,1,1,qam,0.5
122,5,27,1,1,qam,0.5
123,5,28,1,1,qam,0.5
124,5,29,1,1,qam,0.5
125,5,30,1,1,qam,0.5
126,5,31,1,1,qam,0.5
127,5,32,1,1,qam,0.5
128,5,34,1,1,qam,0.5
129,5,35,1,1,qam,0.5
130,5,36,1,1,qam,0.5
131,5,39,1,1,qam,0.5
132,5,42,1,1,qam,0.5
133,5,43,1,1,qam,0.5
134,5,45,1,1,qam,0.5
135,5,46,1,1,qam,0.5
136,5,47,1,1,qam,0.5
137,5,48,1,1,qam,0.5
138,5,50,1,1,qam,0.5
139,5,51,1,1,qam,0.5
140,5,52,1,1,qam,0.5
141,5,53,1,1,qam,0.5
142,6,7,1,1,qam,0.5
143,6,9,1,1,qam,0.5
144,6,11,1,1,qam,0.5
145,6,12,1,1,qam,0.5
146,6,15,1,1,qam,0.5
147,6,20,1,1,qam,0.5
148,6,21,1,1,qam,0.5
149,6,22,1,1,qam,0.5
150,6,23,1,1,qam,0.5
151,6,25,1,1,qam,0.5
152,6,26,1,1,qam,0.5
153,6,31,1,1,qam,0.5
154,6,32,1,1,qam,0.5
155,6,34,1,1,qam,0.5
156,6,35,1,1,qam,0.5
157,6,36,1,1,qam,0.5
158,6,39,1,1,qam,0.5
159,6,42,1,1,qam,0.5
160,6,46,1,1,qam,0.5
161,6,47,1,1,qam,0.5
162,6,48,1,1,qam,0.5
163,6,51,1,1,qam,0.5
164,6,52,1,1,qam,0.5
165,6,53,1,1,qam,0.5
166,7,9,1,1,qam,0.5
167,7,11,1,1,qam,0.5
168,7,12,1,1,qam,0.5
169,7,15,1,1,qam,0.5
170,7,20,1,1,qam,0.5
171,7,21,1,1,qam,0.5
172,7,22,1,1,qam,0.5
173,7,23,1,1,qam,0.5
174,7,25,1,1,qam,0.5
175,7,26,1,1,qam,0.5
176,7,31,1,1,qam,0.5
177,7,32,1,1,qam,0.5
178,7,34,1,1,qam,0.5
179,7,35,1,1,qam,0.5
180,7,36,1,1,qam,0.5
181,7,39,1,1,qam,0.5
182,7,42,1,1,qam,0.5
183,7,46,1,1,qam,0.5
184,7,47,1,1,qam,0.5
185,7,48,1,1,qam,0.5
186,7,51,1,1,qam,0.5
187,7,52,1,1,qam,0.5
188,7,53,1,1,qam,0.5
189,8,10,1,1,qam,0.5
190,8,13,1,1,qam,0.5
191,8,14,1,1,qam,0.5
192,8,15,1,1,qam,0.5
193,8,16,1,1,qam,0.5
194,8,17,1,1,qam,0.5
195,8,18,1,1,qam,0.5
196,8,19,1,1,qam,0.5
197,8,23,1,1,qam,0.5
198,8,24,1,1,qam,0.5
199,8,26,1,1,qam,0.5
200,8,27,1,1,qam,0.5
201,8,28,1,1,qam,0.5
202,8,29,1,1,qam,0.5
203,8,30,1,1,qam,0.5
204,8,33,1,1,qam,0.5
205,8,35,1,1,qam,0.5
206,8,36,1,1,qam,0.5
207,8,37,1,1,qam,0.5
208,8,38,1,1,qam,0.5
209,8,40,1,1,qam,0.5
210,8,41,1,1,qam,0.5
211,8,43,1,1,qam,0.5
212,8,44,1,1,qam,0.5
213,8,49,1,1,qam,0.5
214,8,54,1,1,qam,0.5
215,9,11,1,1,qam,0.5
216,9,12,1,1,qam,0.5
217,9,14,1,1,qam,0.5
218,9,15,1,1,qam,0.5
219,9,19,1,1,qam,0.5
220,9,20,1,1,qam,0.5
221,9,21,1,1,qam,0.5
222,9,22,1,1,qam,0.5
223,9,23,1,1,qam,0.5
224,9,25,1,1,qam,0.5
225,9,26,1,1,qam,0.5
226,9,27,1,1,qam,0.5
227,9,28,1,1,qam,0.5
228,9,29,1,1,qam,0.5
229,9,30,1,1,qam,0.5
230,9,31,1,1,qam,0.5
231,9,32,1,1,qam,0.5
232,9,34,1,1,qam,0.5
233,9,35,1,1,qam,0.5
234,9,36,1,1,qam,0.5
235,9,39,1,1,qam,0.5
236,9,42,1,1,qam,0.5
237,9,43,1,1,qam,0.5
238,9,45,1,1,qam,0.5
239,9,46,1,1,qam,0.5
240,9,47,1,1,qam,0.5
241,9,48,1,1,qam,0.5
242,9,50,1,1,qam,0.5
243,9,51,1,1,qam,0.5
244,9,52,1,1,qam,0.5
245,9,53,1,1,qam,0.5
246,10,13,1,1,qam,0.5
247,10,14,1,1,qam,0.5
248,10,15,1,1,qam,0.5
249,10,16,1,1,qam,0.5
250,10,17,1,1,qam,0.5
251,10,18,1,1,qam,0.5
252,10,19,1,1,qam,0.5
253,10,23,1,1,qam,0.5
254,10,24,1,1,qam,0.5
255,10,26,1,1,qam,0.5
256,10,27,1,1,qam,0.5
257,10,28,1,1,qam,0.5
258,10,29,1,1,qam,0.5
259,10,30,1,1,qam,0.5
260,10,33,1,1,qam,0.5
261,10,37,1,1,qam,0.5
262,10,38,1,1,qam,0.5
263,10,40,1,1,qam,0.5
264,10,41,1,1,qam,0.5
265,10,43,1,1,qam,0.5
266,10,44,1,1,qam,0.5
267,10,49,1,1,qam,0.5
268,10,54,1,1,qam,0.5
269,10,55,1,1,qam,0.5
270,10,56,1,1,qam,0.5
271,11,12,1,1,qam,0.5
272,11,14,1,1,qam,0.5
273,11,15,1,1,qam,0.5
274,11,18,1,1,qam,0.5
275,11,19,1,1,qam,0.5
276,11,20,1,1,qam,0.5
277,11,21,1,1,qam,0.5
278,11,22,1,1,qam,0.5
279,11,23,1,1,qam,0.5
280,11,25,1,1,qam,0.5
281,11,26,1,1,qam,0.5
282,11,27,1,1,qam,0.5
283,11,28,1,1,qam,0.5
284,11,29,1,1,qam,0.5
285,11,30,1,1,qam,0.5
286,11,31,1,1,qam,0.5
287,11,32,1,1,qam,0.5
288,11,34,1,1,qam,0.5
289,11,35,1,1,qam,0.5
290,11,36,1,1,qam,0.5
291,11,39,1,1,qam,0.5
292,11,42,1,1,qam,0.5
293,11,43,1,1,qam,0.5
294,11,45,1,1,qam,0.5
295,11,46,1,1,qam,0.5
296,11,47,1,1,qam,0.5
297,11,48,1,1,qam,0.5
298,11,50,1,1,qam,0.5
299,11,51,1,1,qam,0.5
300,11,52,1,1,qam,0.5
301,11,53,1,1,qam,0.5
302,12,14,1,1,qam,0.5
303,12,15,1,1,qam,0.5
304,12,19,1,1,qam,0.5
305,12,20,1,1,qam,0.5
306,12,21,1,1,qam,0.5
307,12,22,1,1,qam,0.5
308,12,23,1,1,qam,0.5
309,12,25,1,1,qam,0.5
310,12,26,1,1,qam,0.5
311,12,27,1,1,qam,0.5
312,12,28,1,1,qam,0.5
313,12,29,1,1,qam,0.5
314,12,30,1,1,qam,0.5
315,12,31,1,1,qam,0.5
316,12,32,1,1,qam,0.5
317,12,34,1,1,qam,0.5
318,12,35,1,1,qam,0.5
319,12,36,1,1,qam,0.5
320,12,39,1,1,qam,0.5
321,12,42,1,1,qam,0.5
322,12,43,1,1,qam,0.5
323,12,45,1,1,qam,0.5
324,12,46,1,1,qam,0.5
325,12,47,1,1,qam,0.5
326,12,48,1,1,qam,0.5
327,12,50,1,1,qam,0.5
328,12,51,1,1,qam,0.5
329,12,52,1,1,qam,0.5
330,12,53,1,1,qam,0.5
331,12,60,1,1,qam,0.5
332,12,61,1,1,qam,0.5
333,13,14,1,1,qam,0.5
334,13,15,1,1,qam,0.5
335,13,16,1,1,qam,0.5
336,13,17,1,1,qam,0.5
337,13,18,1,1,qam,0.5
338,13,19,1,1,qam,0.5
339,13,23,1,1,qam,0.5
340,13,24,1,1,qam,0.5
341,13,26,1,1,qam,0.5
342,13,27,1,1,qam,0.5
343,13,28,1,1,qam,0.5
344,13,29,1,1,qam,0.5
345,13,30,1,1,qam,0.5
346,13,33,1,1,qam,0.5
347,13,35,1,1,qam,0.5
348,13,37,1,1,qam,0.5
349,13,38,1,1,qam,0.5
350,13,40,1,1,qam,0.5
351,13,41,1,1,qam,0.5
352,13,43,1,1,qam,0.5
353,13,44,1,1,qam,0.5
354,13,49,1,1,qam,0.5
355,13,54,1,1,qam,0.5
356,13,55,1,1,qam,0.5
357,13,56,1,1,qam,0.5
358,13,57,1,1,qam,0.5
359,13,58,1,1,qam,0.5
360,14,15,1,1,qam,0.5
361,14,16,1,1,qam,0.5
362,14,17,1,1,qam,0.5
363,14,18,1,1,qam,0.5
364,14,19,1,1,qam,0.5
365,14,20,1,1,qam,0.5
366,14,22,1,1,qam,0.5
367,14,23,1,1,qam,0.5
368,14,24,1,1,qam,0.5
369,14,26,1,1,qam,0.5
370,14,27,1,1,qam,0.5
371,14,28,1,1,qam,0.5
372,14,29,1,1,qam,0.5
373,14,30,1,1,qam,0.5
374,14,33,1,1,qam,0.5
375,14,35,1,1,qam,0.5
376,14,36,1,1,qam,0.5
377,14,37,1,1,qam,0.5
378,14,38,1,1,qam,0.5
379,14,40,1,1,qam,0.5
380,14,41,1,1,qam,0.5
381,14,42,1,1,qam,0.5
382,14,43,1,1,qam,0.5
383,14,44,1,1,qam,0.5
384,14,45,1,1,qam,0.5
385,14,49,1,1,qam,0.5
386,14,50,1,1,qam,0.5
387,14,54,1,1,qam,0.5
388,14,56,1,1,qam,0.5
389,14,57,1,1,qam,0.5
390,14,58,1,1,qam,0.5
391,14,63,1,1,qam,0.5
392,14,64,1,1,qam,0.5
393,15,16,1,1,qam,0.5
394,15,18,1,1,qam,0.5
395,15,19,1,1,qam,0.5
396,15,20,1,1,qam,0.5
397,15,21,1,1,qam,0.5
398,15,22,1,1,qam,0.5
399,15,23,1,1,qam,0.5
400,15,24,1,1,qam,0.5
401,15,25,1,1,qam,0.5
402,15,26,1,1,qam,0.5
403,15,27,1,1,qam,0.5
404,15,28,1,1,qam,0.5
405,15,29,1,1,qam,0.5
406,15,30,1,1,qam,0.5
407,15,31,1,1,qam,0.5
408,15,32,1,1,qam,0.5
409,15,34,1,1,qam,0.5
410,15,35,1,1,qam,0.5
411,15,36,1,1,qam,0.5
412,15,37,1,1,qam,0.5
413,15,39,1,1,qam,0.5
414,15,40,1,1,qam,0.5
415,15,42,1,1,qam,0.5
416,15,43,1,1,qam,0.5
417,15,45,1,1,qam,0.5
418,15,46,1,1,qam,0.5
419,15,47,1,1,qam,0.5
420,15,48,1,1,qam,0.5
421,15,49,1,1,qam,0.5
422,15,50,1,1,qam,0.5
423,15,51,1,1,qam,0.5
424,15,52,1,1,qam,0.5
425,15,53,1,1,qam,0.5
426,15,60,1,1,qam,0.5
427,16,17,1,1,qam,0.5
428,16,18,1,1,qam,0.5
429,16,19,1,1,qam,0.5
430,16,20,1,1,qam,0.5
431,16,23,1,1,qam,0.5
432,16,24,1,1,qam,0.5
433,16,26,1,1,qam,0.5
434,16,27,1,1,qam,0.5
435,16,28,1,1,qam,0.5
436,16,29,1,1,qam,0.5
437,16,30,1,1,qam,0.5
438,16,33,1,1,qam,0.5
439,16,35,1,1,qam,0.5
440,16,36,1,1,qam,0.5
441,16,37,1,1,qam,0.5
442,16,38,1,1,qam,0.5
443,16,40,1,1,qam,0.5
444,16,41,1,1,qam,0.5
445,16,43,1,1,qam,0.5
446,16,44,1,1,qam,0.5
447,16,45,1,1,qam,0.5
448,16,49,1,1,qam,0.5
449,16,50,1,1,qam,0.5
450,16,54,1,1,qam,0.5
451,16,55,1,1,qam,0.5
452,16,56,1,1,qam,0.5
453,16,57,1,1,qam,0.5
454,16,58,1,1,qam,0.5
455,16,63,1,1,qam,0.5
456,17,18,1,1,qam,0.5
457,17,19,1,1,qam,0.5
458,17,24,1,1,qam,0.5
459,17,27,1,1,qam,0.5
460,17,28,1,1,qam,0.5
461,17,29,1,1,qam,0.5
462,17,30,1,1,qam,0.5
463,17,33,1,1,qam,0.5
464,17,37,1,1,qam,0.5
465,17,38,1,1,qam,0.5
466,17,40,1,1,qam,0.5
467,17,41,1,1,qam,0.5
468,17,44,1,1,qam,0.5
469,17,49,1,1,qam,0.5
470,17,54,1,1,qam,0.5
471,17,55,1,1,qam,0.5
472,17,56,1,1,qam,0.5
473,17,57,1,1,qam,0.5
474,17,58,1,1,qam,0.5
475,18,19,1,1,qam,0.5
476,18,20,1,1,qam,0.5
477,18,23,1,1,qam,0.5
478,18,24,1,1,qam,0.5
479,18,26,1,1,qam,0.5
480,18,27,1,1,qam,0.5
481,18,28,1,1,qam,0.5
482,18,29,1,1,qam,0.5
483,18,30,1,1,qam,0.5
484,18,33,1,1,qam,0.5
485,18,35,1,1,qam,0.5
486,18,36,1,1,qam,0.5
487,18,37,1,1,qam,0.5
488,18,38,1,1,qam,0.5
489,18,40,1,1,qam,0.5
490,18,41,1,1,qam,0.5
491,18,42,1,1,qam,0.5
492,18,43,1,1,qam,0.5
493,18,44,1,1,qam,0.5
494,18,45,1,1,qam,0.5
495,18,49,1,1,qam,0.5
496,18,50,1,1,qam,0.5
497,18,54,1,1,qam,0.5
498,18,55,1,1,qam,0.5
499,18,56,1,1,qam,0.5
500,18,57,1,1,qam,0.5
501,18,58,1,1,qam,0.5
502,18,63,1,1,qam,0.5
503,18,64,1,1,qam,0.5
504,19,20,1,1,qam,0.5
505,19,21,1,1,qam,0.5
506,19,22,1,1,qam,0.5
507,19,23,1,1,qam,0.5
508,19,24,1,1,qam,0.5
509,19,25,1,1,qam,0.5
510,19,26,1,1,qam,0.5
511,19,27,1,1,qam,0.5
512,19,28,1,1,qam,0.5
513,19,29,1,1,qam,0.5
514,19,30,1,1,qam,0.5
515,19,31,1,1,qam,0.5
516,19,32,1,1,qam,0.5
517,19,33,1,1,qam,0.5
518,19,34,1,1,qam,0.5
519,19,35,1,1,qam,0.5
520,19,36,1,1,qam,0.5
521,19,37,1,1,qam,0.5
522,19,38,1,1,qam,0.5
523,19,40,1,1,qam,0.5
524,19,41,1,1,qam,0.5
525,19,42,1,1,qam,0.5
526,19,43,1,1,qam,0.5
527,19,44,1,1,qam,0.5
528,19,45,1,1,qam,0.5
529,19,47,1,1,qam,0.5
530,19,48,1,1,qam,0.5
531,19,49,1,1,qam,0.5
532,19,50,1,1,qam,0.5
533,19,51,1,1,qam,0.5
534,19,52,1,1,qam,0.5
535,19,54,1,1,qam,0.5
536,19,57,1,1,qam,0.5
537,19,63,1,1,qam,0.5
538,19,64,1,1,qam,0.5
539,20,21,1,1,qam,0.5
540,20,22,1,1,qam,0.5
541,20,23,1,1,qam,0.5
542,20,25,1,1,qam,0.5
543,20,26,1,1,qam,0.5
544,20,27,1,1,qam,0.5
545,20,28,1,1,qam,0.5
546,20,29,1,1,qam,0.5
547,20,30,1,1,qam,0.5
548,20,31,1,1,qam,0.5
549,20,32,1,1,qam,0.5
550,20,34,1,1,qam,0.5
551,20,35,1,1,qam,0.5
552,20,36,1,1,qam,0.5
553,20,39,1,1,qam,0.5
554,20,40,1,1,qam,0.5
555,20,42,1,1,qam,0.5
556,20,43,1,1,qam,0.5
557,20,45,1,1,qam,0.5
558,20,46,1,1,qam,0.5
559,20,47,1,1,qam,0.5
560,20,48,1,1,qam,0.5
561,20,50,1,1,qam,0.5
562,20,51,1,1,qam,0.5
563,20,52,1,1,qam,0.5
564,20,53,1,1,qam,0.5
565,20,59,1,1,qam,0.5
566,20,60,1,1,qam,0.5
567,20,61,1,1,qam,0.5
568,20,65,1,1,qam,0.5
569,21,22,1,1,qam,0.5
570,21,23,1,1,qam,0.5
571,21,25,1,1,qam,0.5
572,21,26,1,1,qam,0.5
573,21,27,1,1,qam,0.5
574,21,28,1,1,qam,0.5
575,21,29,1,1,qam,0.5
576,21,30,1,1,qam,0.5
577,21,31,1,1,qam,0.5
578,21,32,1,1,qam,0.5
579,21,34,1,1,qam,0.5
580,21,35,1,1,qam,0.5
581,21,36,1,1,qam,0.5
582,21,39,1,1,qam,0.5
583,21,42,1,1,qam,0.5
584,21,43,1,1,qam,0.5
585,21,45,1,1,qam,0.5
586,21,46,1,1,qam,0.5
587,21,47,1,1,qam,0.5
588,21,48,1,1,qam,0.5
589,21,50,1,1,qam,0.5
590,21,51,1,1,qam,0.5
591,21,52,1,1,qam,0.5
592,21,53,1,1,qam,0.5
593,21,59,1,1,qam,0.5
594,21,60,1,1,qam,0.5
595,21,61,1,1,qam,0.5
596,21,62,1,1,qam,0.5
597,21,65,1,1,qam,0.5
598,21,67,1,1,qam,0.5
599,22,23,1,1,qam,0.5
600,22,25,1,1,qam,0.5
601,22,26,1,1,qam,0.5
602,22,27,1,1,qam,0.5
603,22,28,1,1,qam,0.5
604,22,29,1,1,qam,0.5
605,22,30,1,1,qam,0.5
606,22,31,1,1,qam,0.5
607,22,32,1,1,qam,0.5
608,22,34,1,1,qam,0.5
609,22,35,1,1,qam,0.5
610,22,36,1,1,qam,0.5
611,22,39,1,1,qam,0.5
612,22,42,1,1,qam,0.5
613,22,43,1,1,qam,0.5
614,22,45,1,1,qam,0.5
615,22,46,1,1,qam,0.5
616,22,47,1,1,qam,0.5
617,22,48,1,1,qam,0.5
618,22,50,1,1,qam,0.5
619,22,51,1,1,qam,0.5
620,22,52,1,1,qam,0.5
621,22,53,1,1,qam,0.5
622,22,59,1,1,qam,0.5
623,22,60,1,1,qam,0.5
624,22,61,1,1,qam,0.5
625,22,62,1,1,qam,0.5
626,22,65,1,1,qam,0.5
627,22,67,1,1,qam,0.5
628,23,24,1,1,qam,0.5
629,23,25,1,1,qam,0.5
630,23,26,1,1,qam,0.5
631,23,27,1,1,qam,0.5
632,23,28,1,1,qam,0.5
633,23,29,1,1,qam,0.5
634,23,30,1,1,qam,0.5
635,23,31,1,1,qam,0.5
636,23,32,1,1,qam,0.5
637,23,34,1,1,qam,0.5
638,23,35,1,1,qam,0.5
639,23,36,1,1,qam,0.5
640,23,37,1,1,qam,0.5
641,23,39,1,1,qam,0.5
642,23,40,1,1,qam,0.5
643,23,41,1,1,qam,0.5
644,23,42,1,1,qam,0.5
645,23,43,1,1,qam,0.5
646,23,45,1,1,qam,0.5
647,23,46,1,1,qam,0.5
648,23,47,1,1,qam,0.5
649,23,48,1,1,qam,0.5
650,23,49,1,1,qam,0.5
651,23,50,1,1,qam,0.5
652,23,51,1,1,qam,0.5
653,23,52,1,1,qam,0.5
654,23,53,1,1,qam,0.5
655,23,60,1,1,qam,0.5
656,23,61,1,1,qam,0.5
657,23,63,1,1,qam,0.5
658,23,64,1,1,qam,0.5
659,23,65,1,1,qam,0.5
660,24,26,1,1,qam,0.5
661,24,27,1,1,qam,0.5
662,24,28,1,1,qam,0.5
663,24,29,1,1,qam,0.5
664,24,30,1,1,qam,0.5
665,24,33,1,1,qam,0.5
666,24,35,1,1,qam,0.5
667,24,36,1,1,qam,0.5
668,24,37,1,1,qam,0.5
669,24,38,1,1,qam,0.5
670,24,40,1,1,qam,0.5
671,24,41,1,1,qam,0.5
672,24,43,1,1,qam,0.5
673,24,44,1,1,qam,0.5
674,24,45,1,1,qam,0.5
675,24,49,1,1,qam,0.5
676,24,50,1,1,qam,0.5
677,24,54,1,1,qam,0.5
678,24,55,1,1,qam,0.5
679,24,56,1,1,qam,0.5
680,24,57,1,1,qam,0.5
681,24,58,1,1,qam,0.5
682,24,63,1,1,qam,0.5
683,24,64,1,1,qam,0.5
684,24,66,1,1,qam,0.5
685,24,68,1,1,qam,0.5
686,24,70,1,1,qam,0.5
687,24,71,1,1,qam,0.5
688,25,26,1,1,qam,0.5
689,25,27,1,1,qam,0.5
690,25,28,1,1,qam,0.5
691,25,29,1,1,qam,0.5
692,25,30,1,1,qam,0.5
693,25,31,1,1,qam,0.5
694,25,32,1,1,qam,0.5
695,25,34,1,1,qam,0.5
696,25,35,1,1,qam,0.5
697,25,36,1,1,qam,0.5
698,25,39,1,1,qam,0.5
699,25,42,1,1,qam,0.5
700,25,43,1,1,qam,0.5
701,25,45,1,1,qam,0.5
702,25,46,1,1,qam,0.5
703,25,47,1,1,qam,0.5
704,25,48,1,1,qam,0.5
705,25,50,1,1,qam,0.5
706,25,51,1,1,qam,0.5
707,25,52,1,1,qam,0.5
708,25,53,1,1,qam,0.5
709,25,59,1,1,qam,0.5
710,25,60,1,1,qam,0.5
711,25,61,1,1,qam,0.5
712,25,62,1,1,qam,0.5
713,25,65,1,1,qam,0.5
714,25,67,1,1,qam,0.5
715,25,69,1,1,qam,0.5
716,26,27,1,1,qam,0.5
717,26,28,1,1,qam,0.5
718,26,29,1,1,qam,0.5
719,26,30,1,1,qam,0.5
720,26,31,1,1,qam,0.5
721,26,32,1,1,qam,0.5
722,26,34,1,1,qam,0.5
723,26,35,1,1,qam,0.5
724,26,36,1,1,qam,0.5
725,26,37,1,1,qam,0.5
726,26,39,1,1,qam,0.5
727,26,40,1,1,qam,0.5
728,26,41,1,1,qam,0.5
729,26,42,1,1,qam,0.5
730,26,43,1,1,qam,0.5
731,26,45,1,1,qam,0.5
732,26,46,1,1,qam,0.5
733,26,47,1,1,qam,0.5
734,26,48,1,1,qam,0.5
735,26,49,1,1,qam,0.5
736,26,50,1,1,qam,0.5
737,26,51,1,1,qam,0.5
738,26,52,1,1,qam,0.5
739,26,53,1,1,qam,0.5
740,26,57,1,1,qam,0.5
741,26,59,1,1,qam,0.5
742,26,60,1,1,qam,0.5
743,26,61,1,1,qam,0.5
744,26,63,1,1,qam,0.5
745,26,64,1,1,qam,0.5
746,26,65,1,1,qam,0.5
747,26,67,1,1,qam,0.5
748,27,28,1,1,qam,0.5
749,27,29,1,1,qam,0.5
750,27,30,1,1,qam,0.5
751,27,31,1,1,qam,0.5
752,27,32,1,1,qam,0.5
753,27,33,1,1,qam,0.5
754,27,34,1,1,qam,0.5
755,27,35,1,1,qam,0.5
756,27,36,1,1,qam,0.5
757,27,37,1,1,qam,0.5
758,27,38,1,1,qam,0.5
759,27,39,1,1,qam,0.5
760,27,40,1,1,qam,0.5
761,27,41,1,1,qam,0.5
762,27,42,1,1,qam,0.5
763,27,43,1,1,qam,0.5
764,27,44,1,1,qam,0.5
765,27,45,1,1,qam,0.5
766,27,46,1,1,qam,0.5
767,27,47,1,1,qam,0.5
768,27,48,1,1,qam,0.5
769,27,49,1,1,qam,0.5
770,27,50,1,1,qam,0.5
771,27,51,1,1,qam,0.5
772,27,52,1,1,qam,0.5
773,27,53,1,1,qam,0.5
774,27,54,1,1,qam,0.5
775,27,57,1,1,qam,0.5
776,27,58,1,1,qam,0.5
777,27,60,1,1,qam,0.5
778,27,63,1,1,qam,0.5
779,27,64,1,1,qam,0.5
780,27,65,1,1,qam,0.5
781,27,67,1,1,qam,0.5
782,27,68,1,1,qam,0.5
783,27,70,1,1,qam,0.5
784,27,75,1,1,qam,0.5
785,28,29,1,1,qam,0.5
786,28,30,1,1,qam,0.5
787,28,31,1,1,qam,0.5
788,28,32,1,1,qam,0.5
789,28,33,1,1,qam,0.5
790,28,34,1,1,qam,0.5
791,28,35,1,1,qam,0.5
792,28,36,1,1,qam,0.5
793,28,37,1,1,qam,0.5
794,28,38,1,1,qam,0.5
795,28,39,1,1,qam,0.5
796,28,40,1,1,qam,0.5
797,28,41,1,1,qam,0.5
798,28,42,1,1,qam,0.5
799,28,43,1,1,qam,0.5
800,28,44,1,1,qam,0.5
801,28,45,1,1,qam,0.5
802,28,46,1,1,qam,0.5
803,28,47,1,1,qam,0.5
804,28,48,1,1,qam,0.5
805,28,49,1,1,qam,0.5
806,28,50,1,1,qam,0.5
807,28,51,1,1,qam,0.5
808,28,52,1,1,qam,0.5
809,28,53,1,1,qam,0.5
810,28,54,1,1,qam,0.5
811,28,57,1,1,qam,0.5
812,28,58,1,1,qam,0.5
813,28,60,1,1,qam,0.5
814,28,61,1,1,qam,0.5
815,28,63,1,1,qam,0.5
816,28,64,1,1,qam,0.5
817,28,65,1,1,qam,0.5
818,28,67,1,1,qam,0.5
819,28,68,1,1,qam,0.5
820,28,70,1,1,qam,0.5
821,28,74,1,1,qam,0.5
822,28,75,1,1,qam,0.5
823,29,30,1,1,qam,0.5
824,29,31,1,1,qam,0.5
825,29,32,1,1,qam,0.5
826,29,33,1,1,qam,0.5
827,29,34,1,1,qam,0.5
828,29,35,1,1,qam,0.5
829,29,36,1,1,qam,0.5
830,29,37,1,1,qam,0.5
831,29,38,1,1,qam,0.5
832,29,40,1,1,qam,0.5
833,29,41,1,1,qam,0.5
834,29,42,1,1,qam,0.5
835,29,43,1,1,qam,0.5
836,29,44,1,1,qam,0.5
837,29,45,1,1,qam,0.5
838,29,47,1,1,qam,0.5
839,29,48,1,1,qam,0.5
840,29,49,1,1,qam,0.5
841,29,50,1,1,qam,0.5
842,29,51,1,1,qam,0.5
843,29,54,1,1,qam,0.5
844,29,55,1,1,qam,0.5
845,29,56,1,1,qam,0.5
846,29,57,1,1,qam,0.5
847,29,58,1,1,qam,0.5
848,29,63,1,1,qam,0.5
849,29,64,1,1,qam,0.5
850,29,66,1,1,qam,0.5
851,29,68,1,1,qam,0.5
852,29,70,1,1,qam,0.5
853,29,71,1,1,qam,0.5
854,29,72,1,1,qam,0.5
855,29,75,1,1,qam,0.5
856,29,76,1,1,qam,0.5
857,30,31,1,1,qam,0.5
858,30,32,1,1,qam,0.5
859,30,33,1,1,qam,0.5
860,30,34,1,1,qam,0.5
861,30,35,1,1,qam,0.5
862,30,36,1,1,qam,0.5
863,30,37,1,1,qam,0.5
864,30,38,1,1,qam,0.5
865,30,40,1,1,qam,0.5
866,30,41,1,1,qam,0.5
867,30,42,1,1,qam,0.5
868,30,43,1,1,qam,0.5
869,30,44,1,1,qam,0.5
870,30,45,1,1,qam,0.5
871,30,47,1,1,qam,0.5
872,30,48,1,1,qam,0.5
873,30,49,1,1,qam,0.5
874,30,50,1,1,qam,0.5
875,30,51,1,1,qam,0.5
876,30,52,1,1,qam,0.5
877,30,54,1,1,qam,0.5
878,30,55,1,1,qam,0.5
879,30,56,1,1,qam,0.5
880,30,57,1,1,qam,0.5
881,30,58,1,1,qam,0.5
882,30,60,1,1,qam,0.5
883,30,63,1,1,qam,0.5
884,30,64,1,1,qam,0.5
885,30,65,1,1,qam,0.5
886,30,66,1,1,qam,0.5
887,30,68,1,1,qam,0.5
888,30,70,1,1,qam,0.5
889,30,71,1,1,qam,0.5
890,30,72,1,1,qam,0.5
891,30,75,1,1,qam,0.5
892,30,76,1,1,qam,0.5
893,31,32,1,1,qam,0.5
894,31,34,1,1,qam,0.5
895,31,35,1,1,qam,0.5
896,31,36,1,1,qam,0.5
897,31,39,1,1,qam,0.5
898,31,42,1,1,qam,0.5
899,31,43,1,1,qam,0.5
900,31,45,1,1,qam,0.5
901,31,46,1,1,qam,0.5
902,31,47,1,1,qam,0.5
903,31,48,1,1,qam,0.5
904,31,50,1,1,qam,0.5
905,31,51,1,1,qam,0.5
906,31,52,1,1,qam,0.5
907,31,53,1,1,qam,0.5
908,31,59,1,1,qam,0.5
909,31,60,1,1,qam,0.5
910,31,61,1,1,qam,0.5
911,31,62,1,1,qam,0.5
912,31,65,1,1,qam,0.5
913,31,67,1,1,qam,0.5
914,31,69,1,1,qam,0.5
915,31,73,1,1,qam,0.5
916,31,74,1,1,qam,0.5
917,31,79,1,1,qam,0.5
918,32,34,1,1,qam,0.5
919,32,35,1,1,qam,0.5
920,32,36,1,1,qam,0.5
921,32,39,1,1,qam,0.5
922,32,40,1,1,qam,0.5
923,32,42,1,1,qam,0.5
924,32,43,1,1,qam,0.5
925,32,45,1,1,qam,0.5
926,32,46,1,1,qam,0.5
927,32,47,1,1,qam,0.5
928,32,48,1,1,qam,0.5
929,32,50,1,1,qam,0.5
930,32,51,1,1,qam,0.5
931,32,52,1,1,qam,0.5
932,32,53,1,1,qam,0.5
933,32,59,1,1,qam,0.5
934,32,60,1,1,qam,0.5
935,32,61,1,1,qam,0.5
936,32,62,1,1,qam,0.5
937,32,65,1,1,qam,0.5
938,32,67,1,1,qam,0.5
939,32,69,1,1,qam,0.5
940,32,73,1,1,qam,0.5
941,32,74,1,1,qam,0.5
942,32,79,1,1,qam,0.5
943,32,80,1,1,qam,0.5
944,32,82,1,1,qam,0.5
945,33,37,1,1,qam,0.5
946,33,38,1,1,qam,0.5
947,33,40,1,1,qam,0.5
948,33,41,1,1,qam,0.5
949,33,43,1,1,qam,0.5
950,33,44,1,1,qam,0.5
951,33,49,1,1,qam,0.5
952,33,54,1,1,qam,0.5
953,33,55,1,1,qam,0.5
954,33,56,1,1,qam,0.5
955,33,57,1,1,qam,0.5
956,33,58,1,1,qam,0.5
957,33,63,1,1,qam,0.5
958,33,64,1,1,qam,0.5
959,33,66,1,1,qam,0.5
960,33,68,1,1,qam,0.5
961,33,70,1,1,qam,0.5
962,33,71,1,1,qam,0.5
963,33,72,1,1,qam,0.5
964,33,77,1,1,qam,0.5
965,33,78,1,1,qam,0.5
966,33,81,1,1,qam,0.5
967,34,35,1,1,qam,0.5
968,34,36,1,1,qam,0.5
969,34,39,1,1,qam,0.5
970,34,40,1,1,qam,0.5
971,34,42,1,1,qam,0.5
972,34,43,1,1,qam,0.5
973,34,45,1,1,qam,0.5
974,34,46,1,1,qam,0.5
975,34,47,1,1,qam,0.5
976,34,48,1,1,qam,0.5
977,34,50,1,1,qam,0.5
978,34,51,1,1,qam,0.5
979,34,52,1,1,qam,0.5
980,34,53,1,1,qam,0.5
981,34,59,1,1,qam,0.5
982,34,60,1,1,qam,0.5
983,34,61,1,1,qam,0.5
984,34,62,1,1,qam,0.5
985,34,63,1,1,qam,0.5
986,34,64,1,1,qam,0.5
987,34,65,1,1,qam,0.5
988,34,67,1,1,qam,0.5
989,34,69,1,1,qam,0.5
990,34,73,1,1,qam,0.5
991,34,74,1,1,qam,0.5
992,34,79,1,1,qam,0.5
993,34,80,1,1,qam,0.5
994,34,82,1,1,qam,0.5
995,34,83,1,1,qam,0.5
996,35,36,1,1,qam,0.5
997,35,37,1,1,qam,0.5
998,35,38,1,1,qam,0.5
999,35,39,1,1,qam,0.5
1000,35,40,1,1,qam,0.5
1001,35,41,1,1,qam,0.5
1002,35,42,1,1,qam,0.5
1003,35,43,1,1,qam,0.5
1004,35,44,1,1,qam,0.5
1005,35,45,1,1,qam,0.5
1006,35,46,1,1,qam,0.5
1007,35,47,1,1,qam,0.5
1008,35,48,1,1,qam,0.5
1009,35,49,1,1,qam,0.5
1010,35,50,1,1,qam,0.5
1011,35,51,1,1,qam,0.5
1012,35,52,1,1,qam,0.5
1013,35,53,1,1,qam,0.5
1014,35,54,1,1,qam,0.5
1015,35,57,1,1,qam,0.5
1016,35,58,1,1,qam,0.5
1017,35,59,1,1,qam,0.5
1018,35,60,1,1,qam,0.5
1019,35,61,1,1,qam,0.5
1020,35,62,1,1,qam,0.5
1021,35,63,1,1,qam,0.5
1022,35,64,1,1,qam,0.5
1023,35,65,1,1,qam,0.5
1024,35,67,1,1,qam,0.5
1025,35,68,1,1,qam,0.5
1026,35,69,1,1,qam,0.5
1027,35,70,1,1,qam,0.5
1028,35,74,1,1,qam,0.5
1029,35,75,1,1,qam,0.5
1030,35,76,1,1,qam,0.5
1031,35,79,1,1,qam,0.5
1032,35,80,1,1,qam,0.5
1033,35,82,1,1,qam,0.5
1034,36,37,1,1,qam,0.5
1035,36,39,1,1,qam,0.5
1036,36,40,1,1,qam,0.5
1037,36,41,1,1,qam,0.5
1038,36,42,1,1,qam,0.5
1039,36,43,1,1,qam,0.5
1040,36,45,1,1,qam,0.5
1041,36,46,1,1,qam,0.5
1042,36,47,1,1,qam,0.5
1043,36,48,1,1,qam,0.5
1044,36,49,1,1,qam,0.5
1045,36,50,1,1,qam,0.5
1046,36,51,1,1,qam,0.5
1047,36,52,1,1,qam,0.5
1048,36,53,1,1,qam,0.5
1049,36,54,1,1,qam,0.5
1050,36,57,1,1,qam,0.5
1051,36,59,1,1,qam,0.5
1052,36,60,1,1,qam,0.5
1053,36,61,1,1,qam,0.5
1054,36,62,1,1,qam,0.5
1055,36,63,1,1,qam,0.5
1056,36,64,1,1,qam,0.5
1057,36,65,1,1,qam,0.5
1058,36,67,1,1,qam,0.5
1059,36,68,1,1,qam,0.5
1060,36,69,1,1,qam,0.5
1061,36,70,1,1,qam,0.5
1062,36,73,1,1,qam,0.5
1063,36,74,1,1,qam,0.5
1064,36,75,1,1,qam,0.5
1065,36,76,1,1,qam,0.5
1066,36,79,1,1,qam,0.5
1067,36,80,1,1,qam,0.5
1068,36,82,1,1,qam,0.5
1069,36,85,1,1,qam,0.5
1070,37,38,1,1,qam,0.5
1071,37,40,1,1,qam,0.5
1072,37,41,1,1,qam,0.5
1073,37,42,1,1,qam,0.5
1074,37,43,1,1,qam,0.5
1075,37,44,1,1,qam,0.5
1076,37,45,1,1,qam,0.5
1077,37,49,1,1,qam,0.5
1078,37,50,1,1,qam,0.5
1079,37,51,1,1,qam,0.5
1080,37,54,1,1,qam,0.5
1081,37,55,1,1,qam,0.5
1082,37,56,1,1,qam,0.5
1083,37,57,1,1,qam,0.5
1084,37,58,1,1,qam,0.5
1085,37,63,1,1,qam,0.5
1086,37,64,1,1,qam,0.5
1087,37,66,1,1,qam,0.5
1088,37,68,1,1,qam,0.5
1089,37,70,1,1,qam,0.5
1090,37,71,1,1,qam,0.5
1091,37,72,1,1,qam,0.5
1092,37,75,1,1,qam,0.5
1093,37,76,1,1,qam,0.5
1094,37,77,1,1,qam,0.5
1095,37,78,1,1,qam,0.5
1096,38,40,1,1,qam,0.5
1097,38,41,1,1,qam,0.5
1098,38,43,1,1,qam,0.5
1099,38,44,1,1,qam,0.5
1100,38,45,1,1,qam,0.5
1101,38,49,1,1,qam,0.5
1102,38,50,1,1,qam,0.5
1103,38,54,1,1,qam,0.5
1104,38,55,1,1,qam,0.5
1105,38,56,1,1,qam,0.5
1106,38,57,1,1,qam,0.5
1107,38,58,1,1,qam,0.5
1108,38,63,1,1,qam,0.5
1109,38,64,1,1,qam,0.5
1110,38,66,1,1,qam,0.5
1111,38,68,1,1,qam,0.5
1112,38,70,1,1,qam,0.5
1113,38,71,1,1,qam,0.5
1114,38,72,1,1,qam,0.5
1115,38,75,1,1,qam,0.5
1116,38,76,1,1,qam,0.5
1117,38,77,1,1,qam,0.5
1118,38,78,1,1,qam,0.5
1119,38,81,1,1,qam,0.5
1120,38,87,1,1,qam,0.5
1121,39,42,1,1,qam,0.5
1122,39,43,1,1,qam,0.5
1123,39,45,1,1,qam,0.5
1124,39,46,1,1,qam,0.5
1125,39,47,1,1,qam,0.5
1126,39,48,1,1,qam,0.5
1127,39,50,1,1,qam,0.5
1128,39,51,1,1,qam,0.5
1129,39,52,1,1,qam,0.5
1130,39,53,1,1,qam,0.5
1131,39,59,1,1,qam,0.5
1132,39,60,1,1,qam,0.5
1133,39,61,1,1,qam,0.5
1134,39,62,1,1,qam,0.5
1135,39,65,1,1,qam,0.5
1136,39,67,1,1,qam,0.5
1137,39,69,1,1,qam,0.5
1138,39,73,1,1,qam,0.5
1139,39,74,1,1,qam,0.5
1140,39,79,1,1,qam,0.5
1141,39,80,1,1,qam,0.5
1142,39,82,1,1,qam,0.5
1143,39,83,1,1,qam,0.5
1144,39,84,1,1,qam,0.5
1145,39,86,1,1,qam,0.5
1146,40,41,1,1,qam,0.5
1147,40,42,1,1,qam,0.5
1148,40,43,1,1,qam,0.5
1149,40,44,1,1,qam,0.5
1150,40,45,1,1,qam,0.5
1151,40,47,1,1,qam,0.5
1152,40,48,1,1,qam,0.5
1153,40,49,1,1,qam,0.5
1154,40,50,1,1,qam,0.5
1155,40,51,1,1,qam,0.5
1156,40,54,1,1,qam,0.5
1157,40,55,1,1,qam,0.5
1158,40,56,1,1,qam,0.5
1159,40,57,1,1,qam,0.5
1160,40,58,1,1,qam,0.5
1161,40,63,1,1,qam,0.5
1162,40,64,1,1,qam,0.5
1163,40,65,1,1,qam,0.5
1164,40,66,1,1,qam,0.5
1165,40,68,1,1,qam,0.5
1166,40,70,1,1,qam,0.5
1167,40,71,1,1,qam,0.5
1168,40,72,1,1,qam,0.5
1169,40,75,1,1,qam,0.5
1170,40,76,1,1,qam,0.5
1171,40,77,1,1,qam,0.5
1172,40,78,1,1,qam,0.5
1173,40,87,1,1,qam,0.5
1174,41,43,1,1,qam,0.5
1175,41,44,1,1,qam,0.5
1176,41,45,1,1,qam,0.5
1177,41,49,1,1,qam,0.5
1178,41,50,1,1,qam,0.5
1179,41,54,1,1,qam,0.5
1180,41,55,1,1,qam,0.5
1181,41,56,1,1,qam,0.5
1182,41,57,1,1,qam,0.5
1183,41,58,1,1,qam,0.5
1184,41,63,1,1,qam,0.5
1185,41,64,1,1,qam,0.5
1186,41,66,1,1,qam,0.5
1187,41,68,1,1,qam,0.5
1188,41,70,1,1,qam,0.5
1189,41,71,1,1,qam,0.5
1190,41,72,1,1,qam,0.5
1191,41,75,1,1,qam,0.5
1192,41,76,1,1,qam,0.5
1193,41,77,1,1,qam,0.5
1194,41,78,1,1,qam,0.5
1195,41,81,1,1,qam,0.5
1196,41,87,1,1,qam,0.5
1197,42,43,1,1,qam,0.5
1198,42,45,1,1,qam,0.5
1199,42,46,1,1,qam,0.5
1200,42,47,1,1,qam,0.5
1201,42,48,1,1,qam,0.5
1202,42,49,1,1,qam,0.5
1203,42,50,1,1,qam,0.5
1204,42,51,1,1,qam,0.5
1205,42,52,1,1,qam,0.5
1206,42,53,1,1,qam,0.5
1207,42,57,1,1,qam,0.5
1208,42,59,1,1,qam,0.5
1209,42,60,1,1,qam,0.5
1210,42,61,1,1,qam,0.5
1211,42,62,1,1,qam,0.5
1212,42,63,1,1,qam,0.5
1213,42,64,1,1,qam,0.5
1214,42,65,1,1,qam,0.5
1215,42,67,1,1,qam,0.5
1216,42,68,1,1,qam,0.5
1217,42,69,1,1,qam,0.5
1218,42,73,1,1,qam,0.5
1219,42,74,1,1,qam,0.5
1220,42,75,1,1,qam,0.5
1221,42,79,1,1,qam,0.5
1222,42,80,1,1,qam,0.5
1223,42,82,1,1,qam,0.5
1224,42,83,1,1,qam,0.5
1225,42,84,1,1,qam,0.5
1226,42,85,1,1,qam,0.5
1227,42,86,1,1,qam,0.5
1228,42,88,1,1,qam,0.5
1229,42,90,1,1,qam,0.5
1230,43,44,1,1,qam,0.5
1231,43,45,1,1,qam,0.5
1232,43,46,1,1,qam,0.5
1233,43,47,1,1,qam,0.5
1234,43,48,1,1,qam,0.5
1235,43,49,1,1,qam,0.5
1236,43,50,1,1,qam,0.5
1237,43,51,1,1,qam,0.5
1238,43,52,1,1,qam,0.5
1239,43,53,1,1,qam,0.5
1240,43,54,1,1,qam,0.5
1241,43,56,1,1,qam,0.5
1242,43,57,1,1,qam,0.5
1243,43,58,1,1,qam,0.5
1244,43,59,1,1,qam,0.5
1245,43,60,1,1,qam,0.5
1246,43,61,1,1,qam,0.5
1247,43,63,1,1,qam,0.5
1248,43,64,1,1,qam,0.5
1249,43,65,1,1,qam,0.5
1250,43,66,1,1,qam,0.5
1251,43,67,1,1,qam,0.5
1252,43,68,1,1,qam,0.5
1253,43,70,1,1,qam,0.5
1254,43,71,1,1,qam,0.5
1255,43,72,1,1,qam,0.5
1256,43,74,1,1,qam,0.5
1257,43,75,1,1,qam,0.5
1258,43,76,1,1,qam,0.5
1259,43,79,1,1,qam,0.5
1260,43,80,1,1,qam,0.5
1261,43,82,1,1,qam,0.5
1262,43,85,1,1,qam,0.5
1263,43,88,1,1,qam,0.5
1264,44,49,1,1,qam,0.5
1265,44,50,1,1,qam,0.5
1266,44,54,1,1,qam,0.5
1267,44,55,1,1,qam,0.5
1268,44,56,1,1,qam,0.5
1269,44,57,1,1,qam,0.5
1270,44,58,1,1,qam,0.5
1271,44,63,1,1,qam,0.5
1272,44,64,1,1,qam,0.5
1273,44,66,1,1,qam,0.5
1274,44,68,1,1,qam,0.5
1275,44,70,1,1,qam,0.5
1276,44,71,1,1,qam,0.5
1277,44,72,1,1,qam,0.5
1278,44,75,1,1,qam,0.5
1279,44,76,1,1,qam,0.5
1280,44,77,1,1,qam,0.5
1281,44,78,1,1,qam,0.5
1282,44,81,1,1,qam,0.5
1283,44,87,1,1,qam,0.5
1284,44,89,1,1,qam,0.5
1285,45,46,1,1,qam,0.5
1286,45,47,1,1,qam,0.5
1287,45,48,1,1,qam,0.5
1288,45,49,1,1,qam,0.5
1289,45,50,1,1,qam,0.5
1290,45,51,1,1,qam,0.5
1291,45,52,1,1,qam,0.5
1292,45,53,1,1,qam,0.5
1293,45,54,1,1,qam,0.5
1294,45,57,1,1,qam,0.5
1295,45,58,1,1,qam,0.5
1296,45,59,1,1,qam,0.5
1297,45,60,1,1,qam,0.5
1298,45,61,1,1,qam,0.5
1299,45,62,1,1,qam,0.5
1300,45,63,1,1,qam,0.5
1301,45,64,1,1,qam,0.5
1302,45,65,1,1,qam,0.5
1303,45,67,1,1,qam,0.5
1304,45,68,1,1,qam,0.5
1305,45,69,1,1,qam,0.5
1306,45,70,1,1,qam,0.5
1307,45,73,1,1,qam,0.5
1308,45,74,1,1,qam,0.5
1309,45,75,1,1,qam,0.5
1310,45,76,1,1,qam,0.5
1311,45,79,1,1,qam,0.5
1312,45,80,1,1,qam,0.5
1313,45,82,1,1,qam,0.5
1314,45,83,1,1,qam,0.5
1315,45,84,1,1,qam,0.5
1316,45,85,1,1,qam,0.5
1317,45,86,1,1,qam,0.5
1318,45,88,1,1,qam,0.5
1319,45,90,1,1,qam,0.5
1320,45,92,1,1,qam,0.5
1321,46,47,1,1,qam,0.5
1322,46,48,1,1,qam,0.5
1323,46,50,1,1,qam,0.5
1324,46,51,1,1,qam,0.5
1325,46,52,1,1,qam,0.5
1326,46,53,1,1,qam,0.5
1327,46,59,1,1,qam,0.5
1328,46,60,1,1,qam,0.5
1329,46,61,1,1,qam,0.5
1330,46,62,1,1,qam,0.5
1331,46,65,1,1,qam,0.5
1332,46,67,1,1,qam,0.5
1333,46,69,1,1,qam,0.5
1334,46,73,1,1,qam,0.5
1335,46,74,1,1,qam,0.5
1336,46,79,1,1,qam,0.5
1337,46,80,1,1,qam,0.5
1338,46,82,1,1,qam,0.5
1339,46,83,1,1,qam,0.5
1340,46,84,1,1,qam,0.5
1341,46,85,1,1,qam,0.5
1342,46,86,1,1,qam,0.5
1343,46,91,1,1,qam,0.5
1344,47,48,1,1,qam,0.5
1345,47,50,1,1,qam,0.5
1346,47,51,1,1,qam,0.5
1347,47,52,1,1,qam,0.5
1348,47,53,1,1,qam,0.5
1349,47,59,1,1,qam,0.5
1350,47,60,1,1,qam,0.5
1351,47,61,1,1,qam,0.5
1352,47,62,1,1,qam,0.5
1353,47,63,1,1,qam,0.5
1354,47,64,1,1,qam,0.5
1355,47,65,1,1,qam,0.5
1356,47,67,1,1,qam,0.5
1357,47,69,1,1,qam,0.5
1358,47,73,1,1,qam,0.5
1359,47,74,1,1,qam,0.5
1360,47,75,1,1,qam,0.5
1361,47,79,1,1,qam,0.5
1362,47,80,1,1,qam,0.5
1363,47,82,1,1,qam,0.5
1364,47,83,1,1,qam,0.5
1365,47,84,1,1,qam,0.5
1366,47,85,1,1,qam,0.5
1367,47,86,1,1,qam,0.5
1368,47,88,1,1,qam,0.5
1369,47,90,1,1,qam,0.5
1370,47,91,1,1,qam,0.5
1371,48,50,1,1,qam,0.5
1372,48,51,1,1,qam,0.5
1373,48,52,1,1,qam,0.5
1374,48,53,1,1,qam,0.5
1375,48,59,1,1,qam,0.5
1376,48,60,1,1,qam,0.5
1377,48,61,1,1,qam,0.5
1378,48,62,1,1,qam,0.5
1379,48,63,1,1,qam,0.5
1380,48,64,1,1,qam,0.5
1381,48,65,1,1,qam,0.5
1382,48,67,1,1,qam,0.5
1383,48,69,1,1,qam,0.5
1384,48,73,1,1,qam,0.5
1385,48,74,1,1,qam,0.5
1386,48,75,1,1,qam,0.5
1387,48,79,1,1,qam,0.5
1388,48,80,1,1,qam,0.5
1389,48,82,1,1,qam,0.5
1390,48,83,1,1,qam,0.5
1391,48,84,1,1,qam,0.5
1392,48,85,1,1,qam,0.5
1393,48,86,1,1,qam,0.5
1394,48,88,1,1,qam,0.5
1395,48,90,1,1,qam,0.5
1396,48,91,1,1,qam,0.5
1397,49,50,1,1,qam,0.5
1398,49,54,1,1,qam,0.5
1399,49,55,1,1,qam,0.5
1400,49,56,1,1,qam,0.5
1401,49,57,1,1,qam,0.5
1402,49,58,1,1,qam,0.5
1403,49,63,1,1,qam,0.5
1404,49,64,1,1,qam,0.5
1405,49,66,1,1,qam,0.5
1406,49,68,1,1,qam,0.5
1407,49,70,1,1,qam,0.5
1408,49,71,1,1,qam,0.5
1409,49,72,1,1,qam,0.5
1410,49,75,1,1,qam,0.5
1411,49,76,1,1,qam,0.5
1412,49,77,1,1,qam,0.5
1413,49,78,1,1,qam,0.5
1414,49,81,1,1,qam,0.5
1415,49,87,1,1,qam,0.5
1416,49,89,1,1,qam,0.5
1417,50,51,1,1,qam,0.5
1418,50,52,1,1,qam,0.5
1419,50,53,1,1,qam,0.5
1420,50,54,1,1,qam,0.5
1421,50,57,1,1,qam,0.5
1422,50,58,1,1,qam,0.5
1423,50,59,1,1,qam,0.5
1424,50,60,1,1,qam,0.5
1425,50,61,1,1,qam,0.5
1426,50,62,1,1,qam,0.5
1427,50,63,1,1,qam,0.5
1428,50,64,1,1,qam,0.5
1429,50,65,1,1,qam,0.5
1430,50,67,1,1,qam,0.5
1431,50,68,1,1,qam,0.5
1432,50,69,1,1,qam,0.5
1433,50,70,1,1,qam,0.5
1434,50,73,1,1,qam,0.5
1435,50,74,1,1,qam,0.5
1436,50,75,1,1,qam,0.5
1437,50,76,1,1,qam,0.5
1438,50,79,1,1,qam,0.5
1439,50,80,1,1,qam,0.5
1440,50,82,1,1,qam,0.5
1441,50,83,1,1,qam,0.5
1442,50,84,1,1,qam,0.5
1443,50,85,1,1,qam,0.5
1444,50,86,1,1,qam,0.5
1445,50,88,1,1,qam,0.5
1446,50,90,1,1,qam,0.5
1447,50,91,1,1,qam,0.5
1448,50,92,1,1,qam,0.5
1449,50,93,1,1,qam,0.5
1450,51,52,1,1,qam,0.5
1451,51,53,1,1,qam,0.5
1452,51,57,1,1,qam,0.5
1453,51,59,1,1,qam,0.5
1454,51,60,1,1,qam,0.5
1455,51,61,1,1,qam,0.5
1456,51,62,1,1,qam,0.5
1457,51,63,1,1,qam,0.5
1458,51,64,1,1,qam,0.5
1459,51,65,1,1,qam,0.5
1460,51,67,1,1,qam,0.5
1461,51,68,1,1,qam,0.5
1462,51,69,1,1,qam,0.5
1463,51,73,1,1,qam,0.5
1464,51,74,1,1,qam,0.5
1465,51,75,1,1,qam,0.5
1466,51,76,1,1,qam,0.5
1467,51,79,1,1,qam,0.5
1468,51,80,1,1,qam,0.5
1469,51,82,1,1,qam,0.5
1470,51,83,1,1,qam,0.5
1471,51,84,1,1,qam,0.5
1472,51,85,1,1,qam,0.5
1473,51,86,1,1,qam,0.5
1474,51,88,1,1,qam,0.5
1475,51,90,1,1,qam,0.5
1476,51,91,1,1,qam,0.5
1477,51,92,1,1,qam,0.5
1478,52,53,1,1,qam,0.5
1479,52,59,1,1,qam,0.5
1480,52,60,1,1,qam,0.5
1481,52,61,1,1,qam,0.5
1482,52,62,1,1,qam,0.5
1483,52,63,1,1,qam,0.5
1484,52,64,1,1,qam,0.5
1485,52,65,1,1,qam,0.5
1486,52,67,1,1,qam,0.5
1487,52,69,1,1,qam,0.5
1488,52,73,1,1,qam,0.5
1489,52,74,1,1,qam,0.5
1490,52,75,1,1,qam,0.5
1491,52,79,1,1,qam,0.5
1492,52,80,1,1,qam,0.5
1493,52,82,1,1,qam,0.5
1494,52,83,1,1,qam,0.5
1495,52,84,1,1,qam,0.5
1496,52,85,1,1,qam,0.5
1497,52,86,1,1,qam,0.5
1498,52,88,1,1,qam,0.5
1499,52,90,1,1,qam,0.5
1500,52,91,1,1,qam,0.5
1501,52,92,1,1,qam,0.5
1502,52,97,1,1,qam,0.5
1503,53,59,1,1,qam,0.5
1504,53,60,1,1,qam,0.5
1505,53,61,1,1,qam,0.5
1506,53,62,1,1,qam,0.5
1507,53,63,1,1,qam,0.5
1508,53,64,1,1,qam,0.5
1509,53,65,1,1,qam,0.5
1510,53,67,1,1,qam,0.5
1511,53,69,1,1,qam,0.5
1512,53,73,1,1,qam,0.5
1513,53,74,1,1,qam,0.5
1514,53,75,1,1,qam,0.5
1515,53,79,1,1,qam,0.5
1516,53,80,1,1,qam,0.5
1517,53,82,1,1,qam,0.5
1518,53,83,1,1,qam,0.5
1519,53,84,1,1,qam,0.5
1520,53,85,1,1,qam,0.5
1521,53,86,1,1,qam,0.5
1522,53,88,1,1,qam,0.5
1523,53,90,1,1,qam,0.5
1524,53,91,1,1,qam,0.5
1525,53,92,1,1,qam,0.5
1526,53,97,1,1,qam,0.5
1527,54,55,1,1,qam,0.5
1528,54,56,1,1,qam,0.5
1529,54,57,1,1,qam,0.5
1530,54,58,1,1,qam,0.5
1531,54,63,1,1,qam,0.5
1532,54,64,1,1,qam,0.5
1533,54,66,1,1,qam,0.5
1534,54,68,1,1,qam,0.5
1535,54,70,1,1,qam,0.5
1536,54,71,1,1,qam,0.5
1537,54,72,1,1,qam,0.5
1538,54,75,1,1,qam,0.5
1539,54,76,1,1,qam,0.5
1540,54,77,1,1,qam,0.5
1541,54,78,1,1,qam,0.5
1542,54,81,1,1,qam,0.5
1543,54,87,1,1,qam,0.5
1544,54,89,1,1,qam,0.5
1545,54,95,1,1,qam,0.5
1546,54,96,1,1,qam,0.5
1547,55,56,1,1,qam,0.5
1548,55,57,1,1,qam,0.5
1549,55,58,1,1,qam,0.5
1550,55,63,1,1,qam,0.5
1551,55,64,1,1,qam,0.5
1552,55,66,1,1,qam,0.5
1553,55,68,1,1,qam,0.5
1554,55,70,1,1,qam,0.5
1555,55,71,1,1,qam,0.5
1556,55,72,1,1,qam,0.5
1557,55,75,1,1,qam,0.5
1558,55,76,1,1,qam,0.5
1559,55,77,1,1,qam,0.5
1560,55,78,1,1,qam,0.5
1561,55,81,1,1,qam,0.5
1562,55,87,1,1,qam,0.5
1563,55,89,1,1,qam,0.5
1564,55,95,1,1,qam,0.5
1565,55,96,1,1,qam,0.5
1566,56,57,1,1,qam,0.5
1567,56,58,1,1,qam,0.5
1568,56,63,1,1,qam,0.5
1569,56,64,1,1,qam,0.5
1570,56,66,1,1,qam,0.5
1571,56,68,1,1,qam,0.5
1572,56,70,1,1,qam,0.5
1573,56,71,1,1,qam,0.5
1574,56,72,1,1,qam,0.5
1575,56,75,1,1,qam,0.5
1576,56,76,1,1,qam,0.5
1577,56,77,1,1,qam,0.5
1578,56,78,1,1,qam,0.5
1579,56,81,1,1,qam,0.5
1580,56,87,1,1,qam,0.5
1581,56,89,1,1,qam,0.5
1582,56,95,1,1,qam,0.5
1583,56,96,1,1,qam,0.5
1584,57,58,1,1,qam,0.5
1585,57,63,1,1,qam,0.5
1586,57,64,1,1,qam,0.5
1587,57,65,1,1,qam,0.5
1588,57,66,1,1,qam,0.5
1589,57,68,1,1,qam,0.5
1590,57,70,1,1,qam,0.5
1591,57,71,1,1,qam,0.5
1592,57,72,1,1,qam,0.5
1593,57,74,1,1,qam,0.5
1594,57,75,1,1,qam,0.5
1595,57,76,1,1,qam,0.5
1596,57,77,1,1,qam,0.5
1597,57,78,1,1,qam,0.5
1598,57,80,1,1,qam,0.5
1599,57,81,1,1,qam,0.5
1600,57,85,1,1,qam,0.5
1601,57,87,1,1,qam,0.5
1602,57,88,1,1,qam,0.5
1603,57,89,1,1,qam,0.5
1604,57,90,1,1,qam,0.5
1605,57,92,1,1,qam,0.5
1606,57,93,1,1,qam,0.5
1607,57,94,1,1,qam,0.5
1608,57,95,1,1,qam,0.5
1609,57,96,1,1,qam,0.5
1610,57,98,1,1,qam,0.5
1611,57,99,1,1,qam,0.5
1612,58,63,1,1,qam,0.5
1613,58,64,1,1,qam,0.5
1614,58,66,1,1,qam,0.5
1615,58,68,1,1,qam,0.5
1616,58,70,1,1,qam,0.5
1617,58,71,1,1,qam,0.5
1618,58,72,1,1,qam,0.5
1619,58,75,1,1,qam,0.5
1620,58,76,1,1,qam,0.5
1621,58,77,1,1,qam,0.5
1622,58,78,1,1,qam,0.5
1623,58,81,1,1,qam,0.5
1624,58,87,1,1,qam,0.5
1625,58,89,1,1,qam,0.5
1626,58,93,1,1,qam,0.5
1627,58,95,1,1,qam,0.5
1628,58,96,1,1,qam,0.5
1629,58,99,1,1,qam,0.5
1630,59,60,1,1,qam,0.5
1631,59,61,1,1,qam,0.5
1632,59,62,1,1,qam,0.5
1633,59,65,1,1,qam,0.5
1634,59,67,1,1,qam,0.5
1635,59,69,1,1,qam,0.5
1636,59,73,1,1,qam,0.5
1637,59,74,1,1,qam,0.5
1638,59,79,1,1,qam,0.5
1639,59,80,1,1,qam,0.5
1640,59,82,1,1,qam,0.5
1641,59,83,1,1,qam,0.5
1642,59,84,1,1,qam,0.5
1643,59,85,1,1,qam,0.5
1644,59,86,1,1,qam,0.5
1645,59,88,1,1,qam,0.5
1646,59,90,1,1,qam,0.5
1647,59,91,1,1,qam,0.5
1648,59,92,1,1,qam,0.5
1649,59,97,1,1,qam,0.5
1650,59,100,1,1,qam,0.5
1651,60,61,1,1,qam,0.5
1652,60,62,1,1,qam,0.5
1653,60,63,1,1,qam,0.5
1654,60,64,1,1,qam,0.5
1655,60,65,1,1,qam,0.5
1656,60,67,1,1,qam,0.5
1657,60,68,1,1,qam,0.5
1658,60,69,1,1,qam,0.5
1659,60,73,1,1,qam,0.5
1660,60,74,1,1,qam,0.5
1661,60,75,1,1,qam,0.5
1662,60,76,1,1,qam,0.5
1663,60,79,1,1,qam,0.5
1664,60,80,1,1,qam,0.5
1665,60,82,1,1,qam,0.5
1666,60,83,1,1,qam,0.5
1667,60,84,1,1,qam,0.5
1668,60,85,1,1,qam,0.5
1669,60,86,1,1,qam,0.5
1670,60,88,1,1,qam,0.5
1671,60,90,1,1,qam,0.5
1672,60,91,1,1,qam,0.5
1673,60,92,1,1,qam,0.5
1674,60,93,1,1,qam,0.5
1675,60,94,1,1,qam,0.5
1676,60,97,1,1,qam,0.5
1677,60,98,1,1,qam,0.5
1678,60,100,1,1,qam,0.5
1679,61,62,1,1,qam,0.5
1680,61,63,1,1,qam,0.5
1681,61,64,1,1,qam,0.5
1682,61,65,1,1,qam,0.5
1683,61,67,1,1,qam,0.5
1684,61,69,1,1,qam,0.5
1685,61,73,1,1,qam,0.5
1686,61,74,1,1,qam,0.5
1687,61,75,1,1,qam,0.5
1688,61,79,1,1,qam,0.5
1689,61,80,1,1,qam,0.5
1690,61,82,1,1,qam,0.5
1691,61,83,1,1,qam,0.5
1692,61,84,1,1,qam,0.5
1693,61,85,1,1,qam,0.5
1694,61,86,1,1,qam,0.5
1695,61,88,1,1,qam,0.5
1696,61,90,1,1,qam,0.5
1697,61,91,1,1,qam,0.5
1698,61,92,1,1,qam,0.5
1699,61,93,1,1,qam,0.5
1700,61,94,1,1,qam,0.5
1701,61,97,1,1,qam,0.5
1702,61,98,1,1,qam,0.5
1703,61,100,1,1,qam,0.5
1704,62,65,1,1,qam,0.5
1705,62,67,1,1,qam,0.5
1706,62,69,1,1,qam,0.5
1707,62,73,1,1,qam,0.5
1708,62,74,1,1,qam,0.5
1709,62,79,1,1,qam,0.5
1710,62,80,1,1,qam,0.5
1711,62,82,1,1,qam,0.5
1712,62,83,1,1,qam,0.5
1713,62,84,1,1,qam,0.5
1714,62,85,1,1,qam,0.5
1715,62,86,1,1,qam,0.5
1716,62,88,1,1,qam,0.5
1717,62,90,1,1,qam,0.5
1718,62,91,1,1,qam,0.5
1719,62,92,1,1,qam,0.5
1720,62,97,1,1,qam,0.5
1721,62,100,1,1,qam,0.5
1722,63,64,1,1,qam,0.5
1723,63,65,1,1,qam,0.5
1724,63,66,1,1,qam,0.5
1725,63,67,1,1,qam,0.5
1726,63,68,1,1,qam,0.5
1727,63,70,1,1,qam,0.5
1728,63,71,1,1,qam,0.5
1729,63,72,1,1,qam,0.5
1730,63,74,1,1,qam,0.5
1731,63,75,1,1,qam,0.5
1732,63,76,1,1,qam,0.5
1733,63,77,1,1,qam,0.5
1734,63,78,1,1,qam,0.5
1735,63,79,1,1,qam,0.5
1736,63,80,1,1,qam,0.5
1737,63,81,1,1,qam,0.5
1738,63,82,1,1,qam,0.5
1739,63,85,1,1,qam,0.5
1740,63,86,1,1,qam,0.5
1741,63,87,1,1,qam,0.5
1742,63,88,1,1,qam,0.5
1743,63,89,1,1,qam,0.5
1744,63,90,1,1,qam,0.5
1745,63,92,1,1,qam,0.5
1746,63,93,1,1,qam,0.5
1747,63,94,1,1,qam,0.5
1748,63,95,1,1,qam,0.5
1749,63,96,1,1,qam,0.5
1750,63,98,1,1,qam,0.5
1751,63,99,1,1,qam,0.5
1752,64,65,1,1,qam,0.5
1753,64,66,1,1,qam,0.5
1754,64,67,1,1,qam,0.5
1755,64,68,1,1,qam,0.5
1756,64,70,1,1,qam,0.5
1757,64,71,1,1,qam,0.5
1758,64,72,1,1,qam,0.5
1759,64,74,1,1,qam,0.5
1760,64,75,1,1,qam,0.5
1761,64,76,1,1,qam,0.5
1762,64,77,1,1,qam,0.5
1763,64,78,1,1,qam,0.5
1764,64,79,1,1,qam,0.5
1765,64,80,1,1,qam,0.5
1766,64,81,1,1,qam,0.5
1767,64,82,1,1,qam,0.5
1768,64,85,1,1,qam,0.5
1769,64,86,1,1,qam,0.5
1770,64,87,1,1,qam,0.5
1771,64,88,1,1,qam,0.5
1772,64,89,1,1,qam,0.5
1773,64,90,1,1,qam,0.5
1774,64,91,1,1,qam,0.5
1775,64,92,1,1,qam,0.5
1776,64,93,1,1,qam,0.5
1777,64,94,1,1,qam,0.5
1778,64,95,1,1,qam,0.5
1779,64,96,1,1,qam,0.5
1780,64,98,1,1,qam,0.5
1781,64,99,1,1,qam,0.5
1782,65,67,1,1,qam,0.5
1783,65,68,1,1,qam,0.5
1784,65,69,1,1,qam,0.5
1785,65,70,1,1,qam,0.5
1786,65,73,1,1,qam,0.5
1787,65,74,1,1,qam,0.5
1788,65,75,1,1,qam,0.5
1789,65,76,1,1,qam,0.5
1790,65,79,1,1,qam,0.5
1791,65,80,1,1,qam,0.5
1792,65,82,1,1,qam,0.5
1793,65,83,1,1,qam,0.5
1794,65,84,1,1,qam,0.5
1795,65,85,1,1,qam,0.5
1796,65,86,1,1,qam,0.5
1797,65,88,1,1,qam,0.5
1798,65,90,1,1,qam,0.5
1799,65,91,1,1,qam,0.5
1800,65,92,1,1,qam,0.5
1801,65,93,1,1,qam,0.5
1802,65,94,1,1,qam,0.5
1803,65,97,1,1,qam,0.5
1804,65,98,1,1,qam,0.5
1805,65,100,1,1,qam,0.5
1806,66,68,1,1,qam,0.5
1807,66,70,1,1,qam,0.5
1808,66,71,1,1,qam,0.5
1809,66,72,1,1,qam,0.5
1810,66,75,1,1,qam,0.5
1811,66,76,1,1,qam,0.5
1812,66,77,1,1,qam,0.5
1813,66,78,1,1,qam,0.5
1814,66,81,1,1,qam,0.5
1815,66,87,1,1,qam,0.5
1816,66,89,1,1,qam,0.5
1817,66,93,1,1,qam,0.5
1818,66,95,1,1,qam,0.5
1819,66,96,1,1,qam,0.5
1820,66,99,1,1,qam,0.5
1821,67,68,1,1,qam,0.5
1822,67,69,1,1,qam,0.5
1823,67,70,1,1,qam,0.5
1824,67,73,1,1,qam,0.5
1825,67,74,1,1,qam,0.5
1826,67,75,1,1,qam,0.5
1827,67,76,1,1,qam,0.5
1828,67,79,1,1,qam,0.5
1829,67,80,1,1,qam,0.5
1830,67,82,1,1,qam,0.5
1831,67,83,1,1,qam,0.5
1832,67,84,1,1,qam,0.5
1833,67,85,1,1,qam,0.5
1834,67,86,1,1,qam,0.5
1835,67,88,1,1,qam,0.5
1836,67,90,1,1,qam,0.5
1837,67,91,1,1,qam,0.5
1838,67,92,1,1,qam,0.5
1839,67,93,1,1,qam,0.5
1840,67,94,1,1,qam,0.5
1841,67,97,1,1,qam,0.5
1842,67,98,1,1,qam,0.5
1843,67,100,1,1,qam,0.5
1844,68,70,1,1,qam,0.5
1845,68,71,1,1,qam,0.5
1846,68,72,1,1,qam,0.5
1847,68,74,1,1,qam,0.5
1848,68,75,1,1,qam,0.5
1849,68,76,1,1,qam,0.5
1850,68,77,1,1,qam,0.5
1851,68,78,1,1,qam,0.5
1852,68,79,1,1,qam,0.5
1853,68,80,1,1,qam,0.5
1854,68,81,1,1,qam,0.5
1855,68,82,1,1,qam,0.5
1856,68,85,1,1,qam,0.5
1857,68,86,1,1,qam,0.5
1858,68,87,1,1,qam,0.5
1859,68,88,1,1,qam,0.5
1860,68,89,1,1,qam,0.5
1861,68,90,1,1,qam,0.5
1862,68,92,1,1,qam,0.5
1863,68,93,1,1,qam,0.5
1864,68,94,1,1,qam,0.5
1865,68,95,1,1,qam,0.5
1866,68,96,1,1,qam,0.5
1867,68,98,1,1,qam,0.5
1868,68,99,1,1,qam,0.5
1869,69,73,1,1,qam,0.5
1870,69,74,1,1,qam,0.5
1871,69,75,1,1,qam,0.5
1872,69,79,1,1,qam,0.5
1873,69,80,1,1,qam,0.5
1874,69,82,1,1,qam,0.5
1875,69,83,1,1,qam,0.5
1876,69,84,1,1,qam,0.5
1877,69,85,1,1,qam,0.5
1878,69,86,1,1,qam,0.5
1879,69,88,1,1,qam,0.5
1880,69,90,1,1,qam,0.5
1881,69,91,1,1,qam,0.5
1882,69,92,1,1,qam,0.5
1883,69,94,1,1,qam,0.5
1884,69,97,1,1,qam,0.5
1885,69,98,1,1,qam,0.5
1886,69,100,1,1,qam,0.5
1887,70,71,1,1,qam,0.5
1888,70,72,1,1,qam,0.5
1889,70,74,1,1,qam,0.5
1890,70,75,1,1,qam,0.5
1891,70,76,1,1,qam,0.5
1892,70,77,1,1,qam,0.5
1893,70,78,1,1,qam,0.5
1894,70,79,1,1,qam,0.5
1895,70,80,1,1,qam,0.5
1896,70,81,1,1,qam,0.5
1897,70,82,1,1,qam,0.5
1898,70,85,1,1,qam,0.5
1899,70,87,1,1,qam,0.5
1900,70,88,1,1,qam,0.5
1901,70,89,1,1,qam,0.5
1902,70,90,1,1,qam,0.5
1903,70,92,1,1,qam,0.5
1904,70,93,1,1,qam,0.5
1905,70,94,1,1,qam,0.5
1906,70,95,1,1,qam,0.5
1907,70,96,1,1,qam,0.5
1908,70,98,1,1,qam,0.5
1909,70,99,1,1,qam,0.5
1910,71,72,1,1,qam,0.5
1911,71,75,1,1,qam,0.5
1912,71,76,1,1,qam,0.5
1913,71,77,1,1,qam,0.5
1914,71,78,1,1,qam,0.5
1915,71,81,1,1,qam,0.5
1916,71,87,1,1,qam,0.5
1917,71,89,1,1,qam,0.5
1918,71,93,1,1,qam,0.5
1919,71,94,1,1,qam,0.5
1920,71,95,1,1,qam,0.5
1921,71,96,1,1,qam,0.5
1922,71,99,1,1,qam,0.5
1923,72,75,1,1,qam,0.5
1924,72,76,1,1,qam,0.5
1925,72,77,1,1,qam,0.5
1926,72,78,1,1,qam,0.5
1927,72,81,1,1,qam,0.5
1928,72,87,1,1,qam,0.5
1929,72,89,1,1,qam,0.5
1930,72,93,1,1,qam,0.5
1931,72,94,1,1,qam,0.5
1932,72,95,1,1,qam,0.5
1933,72,96,1,1,qam,0.5
1934,72,98,1,1,qam,0.5
1935,72,99,1,1,qam,0.5
1936,73,74,1,1,qam,0.5
1937,73,75,1,1,qam,0.5
1938,73,79,1,1,qam,0.5
1939,73,80,1,1,qam,0.5
1940,73,82,1,1,qam,0.5
1941,73,83,1,1,qam,0.5
1942,73,84,1,1,qam,0.5
1943,73,85,1,1,qam,0.5
1944,73,86,1,1,qam,0.5
1945,73,88,1,1,qam,0.5
1946,73,90,1,1,qam,0.5
1947,73,91,1,1,qam,0.5
1948,73,92,1,1,qam,0.5
1949,73,93,1,1,qam,0.5
1950,73,94,1,1,qam,0.5
1951,73,97,1,1,qam,0.5
1952,73,98,1,1,qam,0.5
1953,73,100,1,1,qam,0.5
1954,74,75,1,1,qam,0.5
1955,74,76,1,1,qam,0.5
1956,74,79,1,1,qam,0.5
1957,74,80,1,1,qam,0.5
1958,74,82,1,1,qam,0.5
1959,74,83,1,1,qam,0.5
1960,74,84,1,1,qam,0.5
1961,74,85,1,1,qam,0.5
1962,74,86,1,1,qam,0.5
1963,74,88,1,1,qam,0.5
1964,74,90,1,1,qam,0.5
1965,74,91,1,1,qam,0.5
1966,74,92,1,1,qam,0.5
1967,74,93,1,1,qam,0.5
1968,74,94,1,1,qam,0.5
1969,74,95,1,1,qam,0.5
1970,74,96,1,1,qam,0.5
1971,74,97,1,1,qam,0.5
1972,74,98,1,1,qam,0.5
1973,74,99,1,1,qam,0.5
1974,74,100,1,1,qam,0.5
1975,75,76,1,1,qam,0.5
1976,75,77,1,1,qam,0.5
1977,75,78,1,1,qam,0.5
1978,75,79,1,1,qam,0.5
1979,75,80,1,1,qam,0.5
1980,75,81,1,1,qam,0.5
1981,75,82,1,1,qam,0.5
1982,75,83,1,1,qam,0.5
1983,75,84,1,1,qam,0.5
1984,75,85,1,1,qam,0.5
1985,75,86,1,1,qam,0.5
1986,75,87,1,1,qam,0.5
1987,75,88,1,1,qam,0.5
1988,75,89,1,1,qam,0.5
1989,75,90,1,1,qam,0.5
1990,75,91,1,1,qam,0.5
1991,75,92,1,1,qam,0.5
1992,75,93,1,1,qam,0.5
1993,75,94,1,1,qam,0.5
1994,75,95,1,1,qam,0.5
1995,75,96,1,1,qam,0.5
1996,75,97,1,1,qam,0.5
1997,75,98,1,1,qam,0.5
1998,75,99,1,1,qam,0.5
1999,75,100,1,1,qam,0.5
2000,76,77,1,1,qam,0.5
2001,76,78,1,1,qam,0.5
2002,76,79,1,1,qam,0.5
2003,76,80,1,1,qam,0.5
2004,76,81,1,1,qam,0.5
2005,76,82,1,1,qam,0.5
2006,76,85,1,1,qam,0.5
2007,76,86,1,1,qam,0.5
2008,76,87,1,1,qam,0.5
2009,76,88,1,1,qam,0.5
2010,76,89,1,1,qam,0.5
2011,76,90,1,1,qam,0.5
2012,76,91,1,1,qam,0.5
2013,76,92,1,1,qam,0.5
2014,76,93,1,1,qam,0.5
2015,76,94,1,1,qam,0.5
2016,76,95,1,1,qam,0.5
2017,76,96,1,1,qam,0.5
2018,76,98,1,1,qam,0.5
2019,76,99,1,1,qam,0.5
2020,76,100,1,1,qam,0.5
2021,77,78,1,1,qam,0.5
2022,77,81,1,1,qam,0.5
2023,77,87,1,1,qam,0.5
2024,77,89,1,1,qam,0.5
2025,77,93,1,1,qam,0.5
2026,77,94,1,1,qam,0.5
2027,77,95,1,1,qam,0.5
2028,77,96,1,1,qam,0.5
2029,77,98,1,1,qam,0.5
2030,77,99,1,1,qam,0.5
2031,78,81,1,1,qam,0.5
2032,78,87,1,1,qam,0.5
2033,78,89,1,1,qam,0.5
2034,78,95,1,1,qam,0.5
2035,78,96,1,1,qam,0.5
2036,78,99,1,1,qam,0.5
2037,79,80,1,1,qam,0.5
2038,79,82,1,1,qam,0.5
2039,79,83,1,1,qam,0.5
2040,79,84,1,1,qam,0.5
2041,79,85,1,1,qam,0.5
2042,79,86,1,1,qam,0.5
2043,79,88,1,1,qam,0.5
2044,79,90,1,1,qam,0.5
2045,79,91,1,1,qam,0.5
2046,79,92,1,1,qam,0.5
2047,79,93,1,1,qam,0.5
2048,79,94,1,1,qam,0.5
2049,79,97,1,1,qam,0.5
2050,79,98,1,1,qam,0.5
2051,79,99,1,1,qam,0.5
2052,79,100,1,1,qam,0.5
2053,80,82,1,1,qam,0.5
2054,80,83,1,1,qam,0.5
2055,80,84,1,1,qam,0.5
2056,80,85,1,1,qam,0.5
2057,80,86,1,1,qam,0.5
2058,80,87,1,1,qam,0.5
2059,80,88,1,1,qam,0.5
2060,80,90,1,1,qam,0.5
2061,80,91,1,1,qam,0.5
2062,80,92,1,1,qam,0.5
2063,80,93,1,1,qam,0.5
2064,80,94,1,1,qam,0.5
2065,80,95,1,1,qam,0.5
2066,80,96,1,1,qam,0.5
2067,80,97,1,1,qam,0.5
2068,80,98,1,1,qam,0.5
2069,80,99,1,1,qam,0.5
2070,80,100,1,1,qam,0.5
2071,81,87,1,1,qam,0.5
2072,81,89,1,1,qam,0.5
2073,81,95,1,1,qam,0.5
2074,81,96,1,1,qam,0.5
2075,81,99,1,1,qam,0.5
2076,82,83,1,1,qam,0.5
2077,82,84,1,1,qam,0.5
2078,82,85,1,1,qam,0.5
2079,82,86,1,1,qam,0.5
2080,82,88,1,1,qam,0.5
2081,82,90,1,1,qam,0.5
2082,82,91,1,1,qam,0.5
2083,82,92,1,1,qam,0.5
2084,82,93,1,1,qam,0.5
2085,82,94,1,1,qam,0.5
2086,82,97,1,1,qam,0.5
2087,82,98,1,1,qam,0.5
2088,82,99,1,1,qam,0.5
2089,82,100,1,1,qam,0.5
2090,83,84,1,1,qam,0.5
2091,83,85,1,1,qam,0.5
2092,83,86,1,1,qam,0.5
2093,83,88,1,1,qam,0.5
2094,83,90,1,1,qam,0.5
2095,83,91,1,1,qam,0.5
2096,83,92,1,1,qam,0.5
2097,83,93,1,1,qam,0.5
2098,83,94,1,1,qam,0.5
2099,83,97,1,1,qam,0.5
2100,83,98,1,1,qam,0.5
2101,83,100,1,1,qam,0.5
2102,84,85,1,1,qam,0.5
2103,84,86,1,1,qam,0.5
2104,84,88,1,1,qam,0.5
2105,84,90,1,1,qam,0.5
2106,84,91,1,1,qam,0.5
2107,84,92,1,1,qam,0.5
2108,84,93,1,1,qam,0.5
2109,84,94,1,1,qam,0.5
2110,84,97,1,1,qam,0.5
2111,84,98,1,1,qam,0.5
2112,84,100,1,1,qam,0.5
2113,85,86,1,1,qam,0.5
2114,85,88,1,1,qam,0.5
2115,85,90,1,1,qam,0.5
2116,85,91,1,1,qam,0.5
2117,85,92,1,1,qam,0.5
2118,85,93,1,1,qam,0.5
2119,85,94,1,1,qam,0.5
2120,85,95,1,1,qam,0.5
2121,85,96,1,1,qam,0.5
2122,85,97,1,1,qam,0.5
2123,85,98,1,1,qam,0.5
2124,85,99,1,1,qam,0.5
2125,85,100,1,1,qam,0.5
2126,86,88,1,1,qam,0.5
2127,86,90,1,1,qam,0.5
2128,86,91,1,1,qam,0.5
2129,86,92,1,1,qam,0.5
2130,86,93,1,1,qam,0.5
2131,86,94,1,1,qam,0.5
2132,86,97,1,1,qam,0.5
2133,86,98,1,1,qam,0.5
2134,86,99,1,1,qam,0.5
2135,86,100,1,1,qam,0.5
2136,87,88,1,1,qam,0.5
2137,87,89,1,1,qam,0.5
2138,87,90,1,1,qam,0.5
2139,87,92,1,1,qam,0.5
2140,87,93,1,1,qam,0.5
2141,87,94,1,1,qam,0.5
2142,87,95,1,1,qam,0.5
2143,87,96,1,1,qam,0.5
2144,87,98,1,1,qam,0.5
2145,87,99,1,1,qam,0.5
2146,88,90,1,1,qam,0.5
2147,88,91,1,1,qam,0.5
2148,88,92,1,1,qam,0.5
2149,88,93,1,1,qam,0.5
2150,88,94,1,1,qam,0.5
2151,88,95,1,1,qam,0.5
2152,88,96,1,1,qam,0.5
2153,88,97,1,1,qam,0.5
2154,88,98,1,1,qam,0.5
2155,88,99,1,1,qam,0.5
2156,88,100,1,1,qam,0.5
2157,89,93,1,1,qam,0.5
2158,89,94,1,1,qam,0.5
2159,89,95,1,1,qam,0.5
2160,89,96,1,1,qam,0.5
2161,89,98,1,1,qam,0.5
2162,89,99,1,1,qam,0.5
2163,90,91,1,1,qam,0.5
2164,90,92,1,1,qam,0.5
2165,90,93,1,1,qam,0.5
2166,90,94,1,1,qam,0.5
2167,90,95,1,1,qam,0.5
2168,90,96,1,1,qam,0.5
2169,90,97,1,1,qam,0.5
2170,90,98,1,1,qam,0.5
2171,90,99,1,1,qam,0.5
2172,90,100,1,1,qam,0.5
2173,91,92,1,1,qam,0.5
2174,91,93,1,1,qam,0.5
2175,91,94,1,1,qam,0.5
2176,91,97,1,1,qam,0.5
2177,91,98,1,1,qam,0.5
2178,91,99,1,1,qam,0.5
2179,91,100,1,1,qam,0.5
2180,92,93,1,1,qam,0.5
2181,92,94,1,1,qam,0.5
2182,92,95,1,1,qam,0.5
2183,92,96,1,1,qam,0.5
2184,92,97,1,1,qam,0.5
2185,92,98,1,1,qam,0.5
2186,92,99,1,1,qam,0.5
2187,92,100,1,1,qam,0.5
2188,93,94,1,1,qam,0.5
2189,93,95,1,1,qam,0.5
2190,93,96,1,1,qam,0.5
2191,93,97,1,1,qam,0.5
2192,93,98,1,1,qam,0.5
2193,93,99,1,1,qam,0.5
2194,93,100,1,1,qam,0.5
2195,94,95,1,1,qam,0.5
2196,94,96,1,1,qam,0.5
2197,94,97,1,1,qam,0.5
2198,94,98,1,1,qam,0.5
2199,94,99,1,1,qam,0.5
2200,94,100,1,1,qam,0.5
2201,95,96,1,1,qam,0.5
2202,95,98,1,1,qam,0.5
2203,95,99,1,1,qam,0.5
2204,96,98,1,1,qam,0.5
2205,96,99,1,1,qam,0.5
2206,97,98,1,1,qam,0.5
2207,97,99,1,1,qam,0.5
2208,97,100,1,1,qam,0.5
2209,98,99,1,1,qam,0.5
2210,98,100,1,1,qam,0.5
2211,99,100,1,1,qam,0.5
