2561
1,1,7,1,1,qam,0.5
2,1,8,1,1,qam,0.5
3,1,9,1,1,qam,0.5
4,1,11,1,1,qam,0.5
5,1,12,1,1,qam,0.5
6,1,14,1,1,qam,0.5
7,1,16,1,1,qam,0.5
8,1,17,1,1,qam,0.5
9,1,18,1,1,qam,0.5
10,1,19,1,1,qam,0.5
11,1,20,1,1,qam,0.5
12,1,21,1,1,qam,0.5
13,1,24,1,1,qam,0.5
14,1,30,1,1,qam,0.5
15,1,43,1,1,qam,0.5
16,2,3,1,1,qam,0.5
17,2,4,1,1,qam,0.5
18,2,5,1,1,qam,0.5
19,2,6,1,1,qam,0.5
20,2,8,1,1,qam,0.5
21,2,10,1,1,qam,0.5
22,2,11,1,1,qam,0.5
23,2,12,1,1,qam,0.5
24,2,13,1,1,qam,0.5
25,2,15,1,1,qam,0.5
26,2,20,1,1,qam,0.5
27,2,21,1,1,qam,0.5
28,2,22,1,1,qam,0.5
29,2,23,1,1,qam,0.5
30,2,25,1,1,qam,0.5
31,2,26,1,1,qam,0.5
32,2,27,1,1,qam,0.5
33,2,28,1,1,qam,0.5
34,2,31,1,1,qam,0.5
35,2,32,1,1,qam,0.5
36,2,33,1,1,qam,0.5
37,2,34,1,1,qam,0.5
38,2,35,1,1,qam,0.5
39,2,36,1,1,qam,0.5
40,2,39,1,1,qam,0.5
41,2,40,1,1,qam,0.5
42,2,42,1,1,qam,0.5
43,2,44,1,1,qam,0.5
44,3,4,1,1,qam,0.5
45,3,5,1,1,qam,0.5
46,3,6,1,1,qam,0.5
47,3,10,1,1,qam,0.5
48,3,13,1,1,qam,0.5
49,3,15,1,1,qam,0.5
50,3,22,1,1,qam,0.5
51,3,25,1,1,qam,0.5
52,3,26,1,1,qam,0.5
53,3,27,1,1,qam,0.5
54,3,28,1,1,qam,0.5
55,3,32,1,1,qam,0.5
56,3,33,1,1,qam,0.5
57,3,36,1,1,qam,0.5
58,3,39,1,1,qam,0.5
59,3,40,1,1,qam,0.5
60,3,42,1,1,qam,0.5
61,3,44,1,1,qam,0.5
62,4,5,1,1,qam,0.5
63,4,6,1,1,qam,0.5
64,4,8,1,1,qam,0.5
65,4,9,1,1,qam,0.5
66,4,10,1,1,qam,0.5
67,4,11,1,1,qam,0.5
68,4,12,1,1,qam,0.5
69,4,13,1,1,qam,0.5
70,4,15,1,1,qam,0.5
71,4,16,1,1,qam,0.5
72,4,20,1,1,qam,0.5
73,4,21,1,1,qam,0.5
74,4,22,1,1,qam,0.5
75,4,23,1,1,qam,0.5
76,4,25,1,1,qam,0.5
77,4,26,1,1,qam,0.5
78,4,27,1,1,qam,0.5
79,4,28,1,1,qam,0.5
80,4,29,1,1,qam,0.5
81,4,31,1,1,qam,0.5
82,4,32,1,1,qam,0.5
83,4,34,1,1,qam,0.5
84,4,35,1,1,qam,0.5
85,4,36,1,1,qam,0.5
86,4,39,1,1,qam,0.5
87,4,42,1,1,qam,0.5
88,5,6,1,1,qam,0.5
89,5,7,1,1,qam,0.5
90,5,8,1,1,qam,0.5
91,5,9,1,1,qam,0.5
92,5,10,1,1,qam,0.5
93,5,11,1,1,qam,0.5
94,5,12,1,1,qam,0.5
95,5,13,1,1,qam,0.5
96,5,15,1,1,qam,0.5
97,5,16,1,1,qam,0.5
98,5,19,1,1,qam,0.5
99,5,20,1,1,qam,0.5
100,5,21,1,1,qam,0.5
101,5,22,1,1,qam,0.5
102,5,23,1,1,qam,0.5
103,5,25,1,1,qam,0.5
104,5,26,1,1,qam,0.5
105,5,27,1,1,qam,0.5
106,5,28,1,1,qam,0.5
107,5,29,1,1,qam,0.5
108,5,31,1,1,qam,0.5
109,5,32,1,1,qam,0.5
110,5,34,1,1,qam,0.5
111,5,35,1,1,qam,0.5
112,5,36,1,1,qam,0.5
113,5,37,1,1,qam,0.5
114,5,38,1,1,qam,0.5
115,5,39,1,1,qam,0.5
116,5,42,1,1,qam,0.5
117,6,10,1,1,qam,0.5
118,6,13,1,1,qam,0.5
119,6,15,1,1,qam,0.5
120,6,22,1,1,qam,0.5
121,6,23,1,1,qam,0.5
122,6,25,1,1,qam,0.5
123,6,26,1,1,qam,0.5
124,6,27,1,1,qam,0.5
125,6,28,1,1,qam,0.5
126,6,31,1,1,qam,0.5
127,6,32,1,1,qam,0.5
128,6,33,1,1,qam,0.5
129,6,36,1,1,qam,0.5
130,6,39,1,1,qam,0.5
131,6,40,1,1,qam,0.5
132,6,42,1,1,qam,0.5
133,6,44,1,1,qam,0.5
134,7,8,1,1,qam,0.5
135,7,9,1,1,qam,0.5
136,7,10,1,1,qam,0.5
137,7,11,1,1,qam,0.5
138,7,12,1,1,qam,0.5
139,7,14,1,1,qam,0.5
140,7,16,1,1,qam,0.5
141,7,17,1,1,qam,0.5
142,7,18,1,1,qam,0.5
143,7,19,1,1,qam,0.5
144,7,20,1,1,qam,0.5
145,7,21,1,1,qam,0.5
146,7,24,1,1,qam,0.5
147,7,29,1,1,qam,0.5
148,7,30,1,1,qam,0.5
149,7,37,1,1,qam,0.5
150,7,38,1,1,qam,0.5
151,7,41,1,1,qam,0.5
152,7,43,1,1,qam,0.5
153,7,45,1,1,qam,0.5
154,8,9,1,1,qam,0.5
155,8,10,1,1,qam,0.5
156,8,11,1,1,qam,0.5
157,8,12,1,1,qam,0.5
158,8,13,1,1,qam,0.5
159,8,14,1,1,qam,0.5
160,8,16,1,1,qam,0.5
161,8,17,1,1,qam,0.5
162,8,18,1,1,qam,0.5
163,8,19,1,1,qam,0.5
164,8,20,1,1,qam,0.5
165,8,21,1,1,qam,0.5
166,8,23,1,1,qam,0.5
167,8,24,1,1,qam,0.5
168,8,29,1,1,qam,0.5
169,8,30,1,1,qam,0.5
170,8,35,1,1,qam,0.5
171,8,37,1,1,qam,0.5
172,8,38,1,1,qam,0.5
173,8,41,1,1,qam,0.5
174,8,43,1,1,qam,0.5
175,8,45,1,1,qam,0.5
176,8,48,1,1,qam,0.5
177,9,10,1,1,qam,0.5
178,9,11,1,1,qam,0.5
179,9,12,1,1,qam,0.5
180,9,13,1,1,qam,0.5
181,9,14,1,1,qam,0.5
182,9,16,1,1,qam,0.5
183,9,17,1,1,qam,0.5
184,9,18,1,1,qam,0.5
185,9,19,1,1,qam,0.5
186,9,20,1,1,qam,0.5
187,9,21,1,1,qam,0.5
188,9,23,1,1,qam,0.5
189,9,24,1,1,qam,0.5
190,9,29,1,1,qam,0.5
191,9,30,1,1,qam,0.5
192,9,35,1,1,qam,0.5
193,9,37,1,1,qam,0.5
194,9,38,1,1,qam,0.5
195,9,41,1,1,qam,0.5
196,9,43,1,1,qam,0.5
197,9,45,1,1,qam,0.5
198,9,48,1,1,qam,0.5
199,10,11,1,1,qam,0.5
200,10,12,1,1,qam,0.5
201,10,13,1,1,qam,0.5
202,10,15,1,1,qam,0.5
203,10,16,1,1,qam,0.5
204,10,17,1,1,qam,0.5
205,10,19,1,1,qam,0.5
206,10,20,1,1,qam,0.5
207,10,21,1,1,qam,0.5
208,10,22,1,1,qam,0.5
209,10,23,1,1,qam,0.5
210,10,24,1,1,qam,0.5
211,10,25,1,1,qam,0.5
212,10,26,1,1,qam,0.5
213,10,27,1,1,qam,0.5
214,10,28,1,1,qam,0.5
215,10,29,1,1,qam,0.5
216,10,30,1,1,qam,0.5
217,10,31,1,1,qam,0.5
218,10,32,1,1,qam,0.5
219,10,34,1,1,qam,0.5
220,10,35,1,1,qam,0.5
221,10,36,1,1,qam,0.5
222,10,37,1,1,qam,0.5
223,10,38,1,1,qam,0.5
224,10,41,1,1,qam,0.5
225,10,42,1,1,qam,0.5
226,10,45,1,1,qam,0.5
227,10,46,1,1,qam,0.5
228,10,49,1,1,qam,0.5
229,11,12,1,1,qam,0.5
230,11,13,1,1,qam,0.5
231,11,14,1,1,qam,0.5
232,11,16,1,1,qam,0.5
233,11,17,1,1,qam,0.5
234,11,18,1,1,qam,0.5
235,11,19,1,1,qam,0.5
236,11,20,1,1,qam,0.5
237,11,21,1,1,qam,0.5
238,11,22,1,1,qam,0.5
239,11,23,1,1,qam,0.5
240,11,24,1,1,qam,0.5
241,11,26,1,1,qam,0.5
242,11,29,1,1,qam,0.5
243,11,30,1,1,qam,0.5
244,11,31,1,1,qam,0.5
245,11,32,1,1,qam,0.5
246,11,34,1,1,qam,0.5
247,11,35,1,1,qam,0.5
248,11,37,1,1,qam,0.5
249,11,38,1,1,qam,0.5
250,11,41,1,1,qam,0.5
251,11,43,1,1,qam,0.5
252,11,45,1,1,qam,0.5
253,11,48,1,1,qam,0.5
254,11,50,1,1,qam,0.5
255,11,52,1,1,qam,0.5
256,12,13,1,1,qam,0.5
257,12,14,1,1,qam,0.5
258,12,16,1,1,qam,0.5
259,12,17,1,1,qam,0.5
260,12,18,1,1,qam,0.5
261,12,19,1,1,qam,0.5
262,12,20,1,1,qam,0.5
263,12,21,1,1,qam,0.5
264,12,22,1,1,qam,0.5
265,12,23,1,1,qam,0.5
266,12,24,1,1,qam,0.5
267,12,26,1,1,qam,0.5
268,12,29,1,1,qam,0.5
269,12,30,1,1,qam,0.5
270,12,31,1,1,qam,0.5
271,12,32,1,1,qam,0.5
272,12,34,1,1,qam,0.5
273,12,35,1,1,qam,0.5
274,12,36,1,1,qam,0.5
275,12,37,1,1,qam,0.5
276,12,38,1,1,qam,0.5
277,12,41,1,1,qam,0.5
278,12,43,1,1,qam,0.5
279,12,45,1,1,qam,0.5
280,12,48,1,1,qam,0.5
281,12,50,1,1,qam,0.5
282,12,52,1,1,qam,0.5
283,12,55,1,1,qam,0.5
284,13,15,1,1,qam,0.5
285,13,16,1,1,qam,0.5
286,13,19,1,1,qam,0.5
287,13,20,1,1,qam,0.5
288,13,21,1,1,qam,0.5
289,13,22,1,1,qam,0.5
290,13,23,1,1,qam,0.5
291,13,25,1,1,qam,0.5
292,13,26,1,1,qam,0.5
293,13,27,1,1,qam,0.5
294,13,28,1,1,qam,0.5
295,13,29,1,1,qam,0.5
296,13,31,1,1,qam,0.5
297,13,32,1,1,qam,0.5
298,13,33,1,1,qam,0.5
299,13,34,1,1,qam,0.5
300,13,35,1,1,qam,0.5
301,13,36,1,1,qam,0.5
302,13,37,1,1,qam,0.5
303,13,38,1,1,qam,0.5
304,13,39,1,1,qam,0.5
305,13,40,1,1,qam,0.5
306,13,41,1,1,qam,0.5
307,13,42,1,1,qam,0.5
308,13,44,1,1,qam,0.5
309,13,46,1,1,qam,0.5
310,13,47,1,1,qam,0.5
311,13,49,1,1,qam,0.5
312,13,51,1,1,qam,0.5
313,13,53,1,1,qam,0.5
314,13,54,1,1,qam,0.5
315,13,55,1,1,qam,0.5
316,13,56,1,1,qam,0.5
317,13,57,1,1,qam,0.5
318,13,59,1,1,qam,0.5
319,14,16,1,1,qam,0.5
320,14,17,1,1,qam,0.5
321,14,18,1,1,qam,0.5
322,14,19,1,1,qam,0.5
323,14,20,1,1,qam,0.5
324,14,21,1,1,qam,0.5
325,14,24,1,1,qam,0.5
326,14,29,1,1,qam,0.5
327,14,30,1,1,qam,0.5
328,14,37,1,1,qam,0.5
329,14,38,1,1,qam,0.5
330,14,41,1,1,qam,0.5
331,14,43,1,1,qam,0.5
332,14,45,1,1,qam,0.5
333,14,48,1,1,qam,0.5
334,15,22,1,1,qam,0.5
335,15,23,1,1,qam,0.5
336,15,25,1,1,qam,0.5
337,15,26,1,1,qam,0.5
338,15,27,1,1,qam,0.5
339,15,28,1,1,qam,0.5
340,15,31,1,1,qam,0.5
341,15,32,1,1,qam,0.5
342,15,33,1,1,qam,0.5
343,15,34,1,1,qam,0.5
344,15,35,1,1,qam,0.5
345,15,36,1,1,qam,0.5
346,15,39,1,1,qam,0.5
347,15,40,1,1,qam,0.5
348,15,42,1,1,qam,0.5
349,15,44,1,1,qam,0.5
350,15,46,1,1,qam,0.5
351,15,47,1,1,qam,0.5
352,15,49,1,1,qam,0.5
353,15,51,1,1,qam,0.5
354,15,59,1,1,qam,0.5
355,16,17,1,1,qam,0.5
356,16,18,1,1,qam,0.5
357,16,19,1,1,qam,0.5
358,16,20,1,1,qam,0.5
359,16,21,1,1,qam,0.5
360,16,22,1,1,qam,0.5
361,16,23,1,1,qam,0.5
362,16,24,1,1,qam,0.5
363,16,29,1,1,qam,0.5
364,16,30,1,1,qam,0.5
365,16,31,1,1,qam,0.5
366,16,34,1,1,qam,0.5
367,16,35,1,1,qam,0.5
368,16,37,1,1,qam,0.5
369,16,38,1,1,qam,0.5
370,16,41,1,1,qam,0.5
371,16,43,1,1,qam,0.5
372,16,45,1,1,qam,0.5
373,16,48,1,1,qam,0.5
374,16,50,1,1,qam,0.5
375,16,52,1,1,qam,0.5
376,16,58,1,1,qam,0.5
377,17,18,1,1,qam,0.5
378,17,19,1,1,qam,0.5
379,17,20,1,1,qam,0.5
380,17,21,1,1,qam,0.5
381,17,23,1,1,qam,0.5
382,17,24,1,1,qam,0.5
383,17,29,1,1,qam,0.5
384,17,30,1,1,qam,0.5
385,17,35,1,1,qam,0.5
386,17,37,1,1,qam,0.5
387,17,38,1,1,qam,0.5
388,17,41,1,1,qam,0.5
389,17,43,1,1,qam,0.5
390,17,45,1,1,qam,0.5
391,17,48,1,1,qam,0.5
392,17,52,1,1,qam,0.5
393,18,19,1,1,qam,0.5
394,18,20,1,1,qam,0.5
395,18,21,1,1,qam,0.5
396,18,24,1,1,qam,0.5
397,18,29,1,1,qam,0.5
398,18,30,1,1,qam,0.5
399,18,37,1,1,qam,0.5
400,18,38,1,1,qam,0.5
401,18,41,1,1,qam,0.5
402,18,43,1,1,qam,0.5
403,18,45,1,1,qam,0.5
404,18,48,1,1,qam,0.5
405,18,68,1,1,qam,0.5
406,19,20,1,1,qam,0.5
407,19,21,1,1,qam,0.5
408,19,22,1,1,qam,0.5
409,19,23,1,1,qam,0.5
410,19,24,1,1,qam,0.5
411,19,29,1,1,qam,0.5
412,19,30,1,1,qam,0.5
413,19,31,1,1,qam,0.5
414,19,34,1,1,qam,0.5
415,19,35,1,1,qam,0.5
416,19,37,1,1,qam,0.5
417,19,38,1,1,qam,0.5
418,19,41,1,1,qam,0.5
419,19,43,1,1,qam,0.5
420,19,45,1,1,qam,0.5
421,19,48,1,1,qam,0.5
422,19,50,1,1,qam,0.5
423,19,52,1,1,qam,0.5
424,19,54,1,1,qam,0.5
425,19,55,1,1,qam,0.5
426,19,58,1,1,qam,0.5
427,19,62,1,1,qam,0.5
428,19,68,1,1,qam,0.5
429,19,69,1,1,qam,0.5
430,20,21,1,1,qam,0.5
431,20,22,1,1,qam,0.5
432,20,23,1,1,qam,0.5
433,20,24,1,1,qam,0.5
434,20,26,1,1,qam,0.5
435,20,27,1,1,qam,0.5
436,20,29,1,1,qam,0.5
437,20,30,1,1,qam,0.5
438,20,31,1,1,qam,0.5
439,20,32,1,1,qam,0.5
440,20,34,1,1,qam,0.5
441,20,35,1,1,qam,0.5
442,20,36,1,1,qam,0.5
443,20,37,1,1,qam,0.5
444,20,38,1,1,qam,0.5
445,20,41,1,1,qam,0.5
446,20,42,1,1,qam,0.5
447,20,43,1,1,qam,0.5
448,20,45,1,1,qam,0.5
449,20,46,1,1,qam,0.5
450,20,48,1,1,qam,0.5
451,20,49,1,1,qam,0.5
452,20,50,1,1,qam,0.5
453,20,51,1,1,qam,0.5
454,20,52,1,1,qam,0.5
455,20,53,1,1,qam,0.5
456,20,54,1,1,qam,0.5
457,20,55,1,1,qam,0.5
458,20,56,1,1,qam,0.5
459,20,57,1,1,qam,0.5
460,20,58,1,1,qam,0.5
461,20,60,1,1,qam,0.5
462,20,62,1,1,qam,0.5
463,20,66,1,1,qam,0.5
464,20,69,1,1,qam,0.5
465,20,73,1,1,qam,0.5
466,21,22,1,1,qam,0.5
467,21,23,1,1,qam,0.5
468,21,24,1,1,qam,0.5
469,21,26,1,1,qam,0.5
470,21,27,1,1,qam,0.5
471,21,29,1,1,qam,0.5
472,21,30,1,1,qam,0.5
473,21,31,1,1,qam,0.5
474,21,32,1,1,qam,0.5
475,21,34,1,1,qam,0.5
476,21,35,1,1,qam,0.5
477,21,36,1,1,qam,0.5
478,21,37,1,1,qam,0.5
479,21,38,1,1,qam,0.5
480,21,41,1,1,qam,0.5
481,21,42,1,1,qam,0.5
482,21,43,1,1,qam,0.5
483,21,45,1,1,qam,0.5
484,21,46,1,1,qam,0.5
485,21,47,1,1,qam,0.5
486,21,48,1,1,qam,0.5
487,21,49,1,1,qam,0.5
488,21,50,1,1,qam,0.5
489,21,51,1,1,qam,0.5
490,21,52,1,1,qam,0.5
491,21,53,1,1,qam,0.5
492,21,54,1,1,qam,0.5
493,21,55,1,1,qam,0.5
494,21,56,1,1,qam,0.5
495,21,57,1,1,qam,0.5
496,21,58,1,1,qam,0.5
497,21,59,1,1,qam,0.5
498,21,60,1,1,qam,0.5
499,21,62,1,1,qam,0.5
500,21,66,1,1,qam,0.5
501,21,69,1,1,qam,0.5
502,21,71,1,1,qam,0.5
503,21,73,1,1,qam,0.5
504,22,23,1,1,qam,0.5
505,22,25,1,1,qam,0.5
506,22,26,1,1,qam,0.5
507,22,27,1,1,qam,0.5
508,22,28,1,1,qam,0.5
509,22,29,1,1,qam,0.5
510,22,31,1,1,qam,0.5
511,22,32,1,1,qam,0.5
512,22,33,1,1,qam,0.5
513,22,34,1,1,qam,0.5
514,22,35,1,1,qam,0.5
515,22,36,1,1,qam,0.5
516,22,37,1,1,qam,0.5
517,22,38,1,1,qam,0.5
518,22,39,1,1,qam,0.5
519,22,40,1,1,qam,0.5
520,22,41,1,1,qam,0.5
521,22,42,1,1,qam,0.5
522,22,44,1,1,qam,0.5
523,22,46,1,1,qam,0.5
524,22,47,1,1,qam,0.5
525,22,49,1,1,qam,0.5
526,22,50,1,1,qam,0.5
527,22,51,1,1,qam,0.5
528,22,52,1,1,qam,0.5
529,22,53,1,1,qam,0.5
530,22,54,1,1,qam,0.5
531,22,55,1,1,qam,0.5
532,22,56,1,1,qam,0.5
533,22,57,1,1,qam,0.5
534,22,58,1,1,qam,0.5
535,22,59,1,1,qam,0.5
536,22,60,1,1,qam,0.5
537,22,61,1,1,qam,0.5
538,22,62,1,1,qam,0.5
539,22,63,1,1,qam,0.5
540,22,64,1,1,qam,0.5
541,22,65,1,1,qam,0.5
542,22,66,1,1,qam,0.5
543,22,67,1,1,qam,0.5
544,22,70,1,1,qam,0.5
545,22,71,1,1,qam,0.5
546,22,72,1,1,qam,0.5
547,22,74,1,1,qam,0.5
548,22,75,1,1,qam,0.5
549,22,77,1,1,qam,0.5
550,23,24,1,1,qam,0.5
551,23,25,1,1,qam,0.5
552,23,26,1,1,qam,0.5
553,23,27,1,1,qam,0.5
554,23,28,1,1,qam,0.5
555,23,29,1,1,qam,0.5
556,23,30,1,1,qam,0.5
557,23,31,1,1,qam,0.5
558,23,32,1,1,qam,0.5
559,23,33,1,1,qam,0.5
560,23,34,1,1,qam,0.5
561,23,35,1,1,qam,0.5
562,23,36,1,1,qam,0.5
563,23,37,1,1,qam,0.5
564,23,38,1,1,qam,0.5
565,23,39,1,1,qam,0.5
566,23,40,1,1,qam,0.5
567,23,41,1,1,qam,0.5
568,23,42,1,1,qam,0.5
569,23,44,1,1,qam,0.5
570,23,45,1,1,qam,0.5
571,23,46,1,1,qam,0.5
572,23,47,1,1,qam,0.5
573,23,48,1,1,qam,0.5
574,23,49,1,1,qam,0.5
575,23,50,1,1,qam,0.5
576,23,51,1,1,qam,0.5
577,23,52,1,1,qam,0.5
578,23,53,1,1,qam,0.5
579,23,54,1,1,qam,0.5
580,23,55,1,1,qam,0.5
581,23,56,1,1,qam,0.5
582,23,57,1,1,qam,0.5
583,23,58,1,1,qam,0.5
584,23,59,1,1,qam,0.5
585,23,60,1,1,qam,0.5
586,23,61,1,1,qam,0.5
587,23,62,1,1,qam,0.5
588,23,63,1,1,qam,0.5
589,23,66,1,1,qam,0.5
590,23,69,1,1,qam,0.5
591,23,70,1,1,qam,0.5
592,23,71,1,1,qam,0.5
593,23,72,1,1,qam,0.5
594,23,73,1,1,qam,0.5
595,23,74,1,1,qam,0.5
596,23,75,1,1,qam,0.5
597,24,29,1,1,qam,0.5
598,24,30,1,1,qam,0.5
599,24,35,1,1,qam,0.5
600,24,37,1,1,qam,0.5
601,24,38,1,1,qam,0.5
602,24,41,1,1,qam,0.5
603,24,43,1,1,qam,0.5
604,24,45,1,1,qam,0.5
605,24,48,1,1,qam,0.5
606,24,50,1,1,qam,0.5
607,24,52,1,1,qam,0.5
608,24,55,1,1,qam,0.5
609,24,58,1,1,qam,0.5
610,24,62,1,1,qam,0.5
611,24,68,1,1,qam,0.5
612,24,69,1,1,qam,0.5
613,25,26,1,1,qam,0.5
614,25,27,1,1,qam,0.5
615,25,28,1,1,qam,0.5
616,25,29,1,1,qam,0.5
617,25,31,1,1,qam,0.5
618,25,32,1,1,qam,0.5
619,25,33,1,1,qam,0.5
620,25,34,1,1,qam,0.5
621,25,35,1,1,qam,0.5
622,25,36,1,1,qam,0.5
623,25,37,1,1,qam,0.5
624,25,38,1,1,qam,0.5
625,25,39,1,1,qam,0.5
626,25,40,1,1,qam,0.5
627,25,42,1,1,qam,0.5
628,25,44,1,1,qam,0.5
629,25,46,1,1,qam,0.5
630,25,47,1,1,qam,0.5
631,25,49,1,1,qam,0.5
632,25,50,1,1,qam,0.5
633,25,51,1,1,qam,0.5
634,25,53,1,1,qam,0.5
635,25,54,1,1,qam,0.5
636,25,55,1,1,qam,0.5
637,25,56,1,1,qam,0.5
638,25,57,1,1,qam,0.5
639,25,59,1,1,qam,0.5
640,25,60,1,1,qam,0.5
641,25,61,1,1,qam,0.5
642,25,63,1,1,qam,0.5
643,25,64,1,1,qam,0.5
644,25,65,1,1,qam,0.5
645,25,67,1,1,qam,0.5
646,25,70,1,1,qam,0.5
647,25,72,1,1,qam,0.5
648,25,74,1,1,qam,0.5
649,25,77,1,1,qam,0.5
650,26,27,1,1,qam,0.5
651,26,28,1,1,qam,0.5
652,26,29,1,1,qam,0.5
653,26,31,1,1,qam,0.5
654,26,32,1,1,qam,0.5
655,26,33,1,1,qam,0.5
656,26,34,1,1,qam,0.5
657,26,35,1,1,qam,0.5
658,26,36,1,1,qam,0.5
659,26,37,1,1,qam,0.5
660,26,38,1,1,qam,0.5
661,26,39,1,1,qam,0.5
662,26,40,1,1,qam,0.5
663,26,41,1,1,qam,0.5
664,26,42,1,1,qam,0.5
665,26,44,1,1,qam,0.5
666,26,46,1,1,qam,0.5
667,26,47,1,1,qam,0.5
668,26,49,1,1,qam,0.5
669,26,50,1,1,qam,0.5
670,26,51,1,1,qam,0.5
671,26,52,1,1,qam,0.5
672,26,53,1,1,qam,0.5
673,26,54,1,1,qam,0.5
674,26,55,1,1,qam,0.5
675,26,56,1,1,qam,0.5
676,26,57,1,1,qam,0.5
677,26,58,1,1,qam,0.5
678,26,59,1,1,qam,0.5
679,26,60,1,1,qam,0.5
680,26,61,1,1,qam,0.5
681,26,62,1,1,qam,0.5
682,26,63,1,1,qam,0.5
683,26,64,1,1,qam,0.5
684,26,65,1,1,qam,0.5
685,26,66,1,1,qam,0.5
686,26,67,1,1,qam,0.5
687,26,70,1,1,qam,0.5
688,26,71,1,1,qam,0.5
689,26,72,1,1,qam,0.5
690,26,74,1,1,qam,0.5
691,26,75,1,1,qam,0.5
692,26,77,1,1,qam,0.5
693,26,78,1,1,qam,0.5
694,26,79,1,1,qam,0.5
695,26,86,1,1,qam,0.5
696,27,28,1,1,qam,0.5
697,27,29,1,1,qam,0.5
698,27,31,1,1,qam,0.5
699,27,32,1,1,qam,0.5
700,27,33,1,1,qam,0.5
701,27,34,1,1,qam,0.5
702,27,35,1,1,qam,0.5
703,27,36,1,1,qam,0.5
704,27,37,1,1,qam,0.5
705,27,38,1,1,qam,0.5
706,27,39,1,1,qam,0.5
707,27,40,1,1,qam,0.5
708,27,41,1,1,qam,0.5
709,27,42,1,1,qam,0.5
710,27,44,1,1,qam,0.5
711,27,46,1,1,qam,0.5
712,27,47,1,1,qam,0.5
713,27,49,1,1,qam,0.5
714,27,50,1,1,qam,0.5
715,27,51,1,1,qam,0.5
716,27,52,1,1,qam,0.5
717,27,53,1,1,qam,0.5
718,27,54,1,1,qam,0.5
719,27,55,1,1,qam,0.5
720,27,56,1,1,qam,0.5
721,27,57,1,1,qam,0.5
722,27,58,1,1,qam,0.5
723,27,59,1,1,qam,0.5
724,27,60,1,1,qam,0.5
725,27,61,1,1,qam,0.5
726,27,63,1,1,qam,0.5
727,27,64,1,1,qam,0.5
728,27,65,1,1,qam,0.5
729,27,66,1,1,qam,0.5
730,27,67,1,1,qam,0.5
731,27,70,1,1,qam,0.5
732,27,71,1,1,qam,0.5
733,27,72,1,1,qam,0.5
734,27,74,1,1,qam,0.5
735,27,75,1,1,qam,0.5
736,27,77,1,1,qam,0.5
737,27,78,1,1,qam,0.5
738,27,79,1,1,qam,0.5
739,27,86,1,1,qam,0.5
740,27,87,1,1,qam,0.5
741,28,29,1,1,qam,0.5
742,28,31,1,1,qam,0.5
743,28,32,1,1,qam,0.5
744,28,33,1,1,qam,0.5
745,28,34,1,1,qam,0.5
746,28,35,1,1,qam,0.5
747,28,36,1,1,qam,0.5
748,28,37,1,1,qam,0.5
749,28,38,1,1,qam,0.5
750,28,39,1,1,qam,0.5
751,28,40,1,1,qam,0.5
752,28,42,1,1,qam,0.5
753,28,44,1,1,qam,0.5
754,28,46,1,1,qam,0.5
755,28,47,1,1,qam,0.5
756,28,49,1,1,qam,0.5
757,28,50,1,1,qam,0.5
758,28,51,1,1,qam,0.5
759,28,53,1,1,qam,0.5
760,28,54,1,1,qam,0.5
761,28,55,1,1,qam,0.5
762,28,56,1,1,qam,0.5
763,28,57,1,1,qam,0.5
764,28,58,1,1,qam,0.5
765,28,59,1,1,qam,0.5
766,28,60,1,1,qam,0.5
767,28,61,1,1,qam,0.5
768,28,63,1,1,qam,0.5
769,28,64,1,1,qam,0.5
770,28,65,1,1,qam,0.5
771,28,66,1,1,qam,0.5
772,28,67,1,1,qam,0.5
773,28,70,1,1,qam,0.5
774,28,71,1,1,qam,0.5
775,28,72,1,1,qam,0.5
776,28,74,1,1,qam,0.5
777,28,75,1,1,qam,0.5
778,28,77,1,1,qam,0.5
779,28,78,1,1,qam,0.5
780,28,79,1,1,qam,0.5
781,29,30,1,1,qam,0.5
782,29,31,1,1,qam,0.5
783,29,32,1,1,qam,0.5
784,29,34,1,1,qam,0.5
785,29,35,1,1,qam,0.5
786,29,36,1,1,qam,0.5
787,29,37,1,1,qam,0.5
788,29,38,1,1,qam,0.5
789,29,41,1,1,qam,0.5
790,29,42,1,1,qam,0.5
791,29,43,1,1,qam,0.5
792,29,45,1,1,qam,0.5
793,29,46,1,1,qam,0.5
794,29,47,1,1,qam,0.5
795,29,48,1,1,qam,0.5
796,29,49,1,1,qam,0.5
797,29,50,1,1,qam,0.5
798,29,51,1,1,qam,0.5
799,29,52,1,1,qam,0.5
800,29,53,1,1,qam,0.5
801,29,54,1,1,qam,0.5
802,29,55,1,1,qam,0.5
803,29,56,1,1,qam,0.5
804,29,57,1,1,qam,0.5
805,29,58,1,1,qam,0.5
806,29,59,1,1,qam,0.5
807,29,60,1,1,qam,0.5
808,29,61,1,1,qam,0.5
809,29,62,1,1,qam,0.5
810,29,63,1,1,qam,0.5
811,29,66,1,1,qam,0.5
812,29,68,1,1,qam,0.5
813,29,69,1,1,qam,0.5
814,29,71,1,1,qam,0.5
815,29,72,1,1,qam,0.5
816,29,73,1,1,qam,0.5
817,29,75,1,1,qam,0.5
818,29,76,1,1,qam,0.5
819,29,81,1,1,qam,0.5
820,29,83,1,1,qam,0.5
821,29,84,1,1,qam,0.5
822,29,85,1,1,qam,0.5
823,30,31,1,1,qam,0.5
824,30,34,1,1,qam,0.5
825,30,35,1,1,qam,0.5
826,30,37,1,1,qam,0.5
827,30,38,1,1,qam,0.5
828,30,41,1,1,qam,0.5
829,30,43,1,1,qam,0.5
830,30,45,1,1,qam,0.5
831,30,48,1,1,qam,0.5
832,30,50,1,1,qam,0.5
833,30,52,1,1,qam,0.5
834,30,54,1,1,qam,0.5
835,30,55,1,1,qam,0.5
836,30,58,1,1,qam,0.5
837,30,62,1,1,qam,0.5
838,30,68,1,1,qam,0.5
839,30,69,1,1,qam,0.5
840,30,73,1,1,qam,0.5
841,30,76,1,1,qam,0.5
842,30,80,1,1,qam,0.5
843,30,81,1,1,qam,0.5
844,30,82,1,1,qam,0.5
845,30,84,1,1,qam,0.5
846,30,88,1,1,qam,0.5
847,30,90,1,1,qam,0.5
848,30,91,1,1,qam,0.5
849,31,32,1,1,qam,0.5
850,31,33,1,1,qam,0.5
851,31,34,1,1,qam,0.5
852,31,35,1,1,qam,0.5
853,31,36,1,1,qam,0.5
854,31,37,1,1,qam,0.5
855,31,38,1,1,qam,0.5
856,31,39,1,1,qam,0.5
857,31,40,1,1,qam,0.5
858,31,41,1,1,qam,0.5
859,31,42,1,1,qam,0.5
860,31,44,1,1,qam,0.5
861,31,45,1,1,qam,0.5
862,31,46,1,1,qam,0.5
863,31,47,1,1,qam,0.5
864,31,48,1,1,qam,0.5
865,31,49,1,1,qam,0.5
866,31,50,1,1,qam,0.5
867,31,51,1,1,qam,0.5
868,31,52,1,1,qam,0.5
869,31,53,1,1,qam,0.5
870,31,54,1,1,qam,0.5
871,31,55,1,1,qam,0.5
872,31,56,1,1,qam,0.5
873,31,57,1,1,qam,0.5
874,31,58,1,1,qam,0.5
875,31,59,1,1,qam,0.5
876,31,60,1,1,qam,0.5
877,31,61,1,1,qam,0.5
878,31,62,1,1,qam,0.5
879,31,63,1,1,qam,0.5
880,31,64,1,1,qam,0.5
881,31,65,1,1,qam,0.5
882,31,66,1,1,qam,0.5
883,31,67,1,1,qam,0.5
884,31,69,1,1,qam,0.5
885,31,70,1,1,qam,0.5
886,31,71,1,1,qam,0.5
887,31,72,1,1,qam,0.5
888,31,73,1,1,qam,0.5
889,31,74,1,1,qam,0.5
890,31,75,1,1,qam,0.5
891,31,76,1,1,qam,0.5
892,31,77,1,1,qam,0.5
893,31,78,1,1,qam,0.5
894,31,79,1,1,qam,0.5
895,31,83,1,1,qam,0.5
896,31,85,1,1,qam,0.5
897,31,86,1,1,qam,0.5
898,31,87,1,1,qam,0.5
899,32,33,1,1,qam,0.5
900,32,34,1,1,qam,0.5
901,32,35,1,1,qam,0.5
902,32,36,1,1,qam,0.5
903,32,37,1,1,qam,0.5
904,32,38,1,1,qam,0.5
905,32,39,1,1,qam,0.5
906,32,40,1,1,qam,0.5
907,32,41,1,1,qam,0.5
908,32,42,1,1,qam,0.5
909,32,44,1,1,qam,0.5
910,32,45,1,1,qam,0.5
911,32,46,1,1,qam,0.5
912,32,47,1,1,qam,0.5
913,32,48,1,1,qam,0.5
914,32,49,1,1,qam,0.5
915,32,50,1,1,qam,0.5
916,32,51,1,1,qam,0.5
917,32,52,1,1,qam,0.5
918,32,53,1,1,qam,0.5
919,32,54,1,1,qam,0.5
920,32,55,1,1,qam,0.5
921,32,56,1,1,qam,0.5
922,32,57,1,1,qam,0.5
923,32,58,1,1,qam,0.5
924,32,59,1,1,qam,0.5
925,32,60,1,1,qam,0.5
926,32,61,1,1,qam,0.5
927,32,62,1,1,qam,0.5
928,32,63,1,1,qam,0.5
929,32,64,1,1,qam,0.5
930,32,65,1,1,qam,0.5
931,32,66,1,1,qam,0.5
932,32,67,1,1,qam,0.5
933,32,69,1,1,qam,0.5
934,32,70,1,1,qam,0.5
935,32,71,1,1,qam,0.5
936,32,72,1,1,qam,0.5
937,32,73,1,1,qam,0.5
938,32,74,1,1,qam,0.5
939,32,75,1,1,qam,0.5
940,32,77,1,1,qam,0.5
941,32,78,1,1,qam,0.5
942,32,79,1,1,qam,0.5
943,32,83,1,1,qam,0.5
944,32,85,1,1,qam,0.5
945,32,86,1,1,qam,0.5
946,32,87,1,1,qam,0.5
947,32,89,1,1,qam,0.5
948,33,34,1,1,qam,0.5
949,33,35,1,1,qam,0.5
950,33,36,1,1,qam,0.5
951,33,39,1,1,qam,0.5
952,33,40,1,1,qam,0.5
953,33,42,1,1,qam,0.5
954,33,44,1,1,qam,0.5
955,33,46,1,1,qam,0.5
956,33,47,1,1,qam,0.5
957,33,49,1,1,qam,0.5
958,33,51,1,1,qam,0.5
959,33,53,1,1,qam,0.5
960,33,54,1,1,qam,0.5
961,33,56,1,1,qam,0.5
962,33,57,1,1,qam,0.5
963,33,59,1,1,qam,0.5
964,33,60,1,1,qam,0.5
965,33,61,1,1,qam,0.5
966,33,63,1,1,qam,0.5
967,33,64,1,1,qam,0.5
968,33,65,1,1,qam,0.5
969,33,67,1,1,qam,0.5
970,33,70,1,1,qam,0.5
971,33,72,1,1,qam,0.5
972,33,74,1,1,qam,0.5
973,33,77,1,1,qam,0.5
974,33,78,1,1,qam,0.5
975,33,89,1,1,qam,0.5
976,33,93,1,1,qam,0.5
977,34,35,1,1,qam,0.5
978,34,36,1,1,qam,0.5
979,34,37,1,1,qam,0.5
980,34,38,1,1,qam,0.5
981,34,39,1,1,qam,0.5
982,34,40,1,1,qam,0.5
983,34,41,1,1,qam,0.5
984,34,42,1,1,qam,0.5
985,34,44,1,1,qam,0.5
986,34,45,1,1,qam,0.5
987,34,46,1,1,qam,0.5
988,34,47,1,1,qam,0.5
989,34,48,1,1,qam,0.5
990,34,49,1,1,qam,0.5
991,34,50,1,1,qam,0.5
992,34,51,1,1,qam,0.5
993,34,52,1,1,qam,0.5
994,34,53,1,1,qam,0.5
995,34,54,1,1,qam,0.5
996,34,55,1,1,qam,0.5
997,34,56,1,1,qam,0.5
998,34,57,1,1,qam,0.5
999,34,58,1,1,qam,0.5
1000,34,59,1,1,qam,0.5
1001,34,60,1,1,qam,0.5
1002,34,61,1,1,qam,0.5
1003,34,62,1,1,qam,0.5
1004,34,63,1,1,qam,0.5
1005,34,64,1,1,qam,0.5
1006,34,65,1,1,qam,0.5
1007,34,66,1,1,qam,0.5
1008,34,67,1,1,qam,0.5
1009,34,69,1,1,qam,0.5
1010,34,70,1,1,qam,0.5
1011,34,71,1,1,qam,0.5
1012,34,72,1,1,qam,0.5
1013,34,73,1,1,qam,0.5
1014,34,74,1,1,qam,0.5
1015,34,75,1,1,qam,0.5
1016,34,76,1,1,qam,0.5
1017,34,77,1,1,qam,0.5
1018,34,78,1,1,qam,0.5
1019,34,79,1,1,qam,0.5
1020,34,81,1,1,qam,0.5
1021,34,83,1,1,qam,0.5
1022,34,85,1,1,qam,0.5
1023,34,86,1,1,qam,0.5
1024,34,87,1,1,qam,0.5
1025,34,89,1,1,qam,0.5
1026,35,36,1,1,qam,0.5
1027,35,37,1,1,qam,0.5
1028,35,38,1,1,qam,0.5
1029,35,39,1,1,qam,0.5
1030,35,40,1,1,qam,0.5
1031,35,41,1,1,qam,0.5
1032,35,42,1,1,qam,0.5
1033,35,43,1,1,qam,0.5
1034,35,44,1,1,qam,0.5
1035,35,45,1,1,qam,0.5
1036,35,46,1,1,qam,0.5
1037,35,47,1,1,qam,0.5
1038,35,48,1,1,qam,0.5
1039,35,49,1,1,qam,0.5
1040,35,50,1,1,qam,0.5
1041,35,51,1,1,qam,0.5
1042,35,52,1,1,qam,0.5
1043,35,53,1,1,qam,0.5
1044,35,54,1,1,qam,0.5
1045,35,55,1,1,qam,0.5
1046,35,56,1,1,qam,0.5
1047,35,57,1,1,qam,0.5
1048,35,58,1,1,qam,0.5
1049,35,59,1,1,qam,0.5
1050,35,60,1,1,qam,0.5
1051,35,61,1,1,qam,0.5
1052,35,62,1,1,qam,0.5
1053,35,63,1,1,qam,0.5
1054,35,64,1,1,qam,0.5
1055,35,66,1,1,qam,0.5
1056,35,69,1,1,qam,0.5
1057,35,70,1,1,qam,0.5
1058,35,71,1,1,qam,0.5
1059,35,72,1,1,qam,0.5
1060,35,73,1,1,qam,0.5
1061,35,74,1,1,qam,0.5
1062,35,75,1,1,qam,0.5
1063,35,76,1,1,qam,0.5
1064,35,77,1,1,qam,0.5
1065,35,78,1,1,qam,0.5
1066,35,79,1,1,qam,0.5
1067,35,81,1,1,qam,0.5
1068,35,83,1,1,qam,0.5
1069,35,84,1,1,qam,0.5
1070,35,85,1,1,qam,0.5
1071,35,86,1,1,qam,0.5
1072,35,87,1,1,qam,0.5
1073,35,94,1,1,qam,0.5
1074,36,37,1,1,qam,0.5
1075,36,38,1,1,qam,0.5
1076,36,39,1,1,qam,0.5
1077,36,40,1,1,qam,0.5
1078,36,41,1,1,qam,0.5
1079,36,42,1,1,qam,0.5
1080,36,44,1,1,qam,0.5
1081,36,46,1,1,qam,0.5
1082,36,47,1,1,qam,0.5
1083,36,49,1,1,qam,0.5
1084,36,50,1,1,qam,0.5
1085,36,51,1,1,qam,0.5
1086,36,52,1,1,qam,0.5
1087,36,53,1,1,qam,0.5
1088,36,54,1,1,qam,0.5
1089,36,55,1,1,qam,0.5
1090,36,56,1,1,qam,0.5
1091,36,57,1,1,qam,0.5
1092,36,58,1,1,qam,0.5
1093,36,59,1,1,qam,0.5
1094,36,60,1,1,qam,0.5
1095,36,61,1,1,qam,0.5
1096,36,62,1,1,qam,0.5
1097,36,63,1,1,qam,0.5
1098,36,64,1,1,qam,0.5
1099,36,65,1,1,qam,0.5
1100,36,66,1,1,qam,0.5
1101,36,67,1,1,qam,0.5
1102,36,70,1,1,qam,0.5
1103,36,71,1,1,qam,0.5
1104,36,72,1,1,qam,0.5
1105,36,73,1,1,qam,0.5
1106,36,74,1,1,qam,0.5
1107,36,75,1,1,qam,0.5
1108,36,77,1,1,qam,0.5
1109,36,78,1,1,qam,0.5
1110,36,79,1,1,qam,0.5
1111,36,83,1,1,qam,0.5
1112,36,85,1,1,qam,0.5
1113,36,86,1,1,qam,0.5
1114,36,87,1,1,qam,0.5
1115,36,89,1,1,qam,0.5
1116,37,38,1,1,qam,0.5
1117,37,41,1,1,qam,0.5
1118,37,42,1,1,qam,0.5
1119,37,43,1,1,qam,0.5
1120,37,45,1,1,qam,0.5
1121,37,46,1,1,qam,0.5
1122,37,47,1,1,qam,0.5
1123,37,48,1,1,qam,0.5
1124,37,49,1,1,qam,0.5
1125,37,50,1,1,qam,0.5
1126,37,51,1,1,qam,0.5
1127,37,52,1,1,qam,0.5
1128,37,53,1,1,qam,0.5
1129,37,54,1,1,qam,0.5
1130,37,55,1,1,qam,0.5
1131,37,56,1,1,qam,0.5
1132,37,57,1,1,qam,0.5
1133,37,58,1,1,qam,0.5
1134,37,59,1,1,qam,0.5
1135,37,60,1,1,qam,0.5
1136,37,61,1,1,qam,0.5
1137,37,62,1,1,qam,0.5
1138,37,63,1,1,qam,0.5
1139,37,66,1,1,qam,0.5
1140,37,68,1,1,qam,0.5
1141,37,69,1,1,qam,0.5
1142,37,71,1,1,qam,0.5
1143,37,72,1,1,qam,0.5
1144,37,73,1,1,qam,0.5
1145,37,74,1,1,qam,0.5
1146,37,75,1,1,qam,0.5
1147,37,76,1,1,qam,0.5
1148,37,77,1,1,qam,0.5
1149,37,78,1,1,qam,0.5
1150,37,79,1,1,qam,0.5
1151,37,81,1,1,qam,0.5
1152,37,83,1,1,qam,0.5
1153,37,84,1,1,qam,0.5
1154,37,85,1,1,qam,0.5
1155,37,86,1,1,qam,0.5
1156,37,94,1,1,qam,0.5
1157,38,41,1,1,qam,0.5
1158,38,42,1,1,qam,0.5
1159,38,43,1,1,qam,0.5
1160,38,45,1,1,qam,0.5
1161,38,46,1,1,qam,0.5
1162,38,47,1,1,qam,0.5
1163,38,48,1,1,qam,0.5
1164,38,49,1,1,qam,0.5
1165,38,50,1,1,qam,0.5
1166,38,51,1,1,qam,0.5
1167,38,52,1,1,qam,0.5
1168,38,53,1,1,qam,0.5
1169,38,54,1,1,qam,0.5
1170,38,55,1,1,qam,0.5
1171,38,56,1,1,qam,0.5
1172,38,57,1,1,qam,0.5
1173,38,58,1,1,qam,0.5
1174,38,59,1,1,qam,0.5
1175,38,60,1,1,qam,0.5
1176,38,61,1,1,qam,0.5
1177,38,62,1,1,qam,0.5
1178,38,63,1,1,qam,0.5
1179,38,66,1,1,qam,0.5
1180,38,68,1,1,qam,0.5
1181,38,69,1,1,qam,0.5
1182,38,71,1,1,qam,0.5
1183,38,72,1,1,qam,0.5
1184,38,73,1,1,qam,0.5
1185,38,74,1,1,qam,0.5
1186,38,75,1,1,qam,0.5
1187,38,76,1,1,qam,0.5
1188,38,77,1,1,qam,0.5
1189,38,78,1,1,qam,0.5
1190,38,79,1,1,qam,0.5
1191,38,81,1,1,qam,0.5
1192,38,83,1,1,qam,0.5
1193,38,84,1,1,qam,0.5
1194,38,85,1,1,qam,0.5
1195,38,86,1,1,qam,0.5
1196,38,94,1,1,qam,0.5
1197,39,40,1,1,qam,0.5
1198,39,42,1,1,qam,0.5
1199,39,44,1,1,qam,0.5
1200,39,46,1,1,qam,0.5
1201,39,47,1,1,qam,0.5
1202,39,49,1,1,qam,0.5
1203,39,50,1,1,qam,0.5
1204,39,51,1,1,qam,0.5
1205,39,53,1,1,qam,0.5
1206,39,54,1,1,qam,0.5
1207,39,55,1,1,qam,0.5
1208,39,56,1,1,qam,0.5
1209,39,57,1,1,qam,0.5
1210,39,59,1,1,qam,0.5
1211,39,60,1,1,qam,0.5
1212,39,61,1,1,qam,0.5
1213,39,63,1,1,qam,0.5
1214,39,64,1,1,qam,0.5
1215,39,65,1,1,qam,0.5
1216,39,66,1,1,qam,0.5
1217,39,67,1,1,qam,0.5
1218,39,70,1,1,qam,0.5
1219,39,71,1,1,qam,0.5
1220,39,72,1,1,qam,0.5
1221,39,74,1,1,qam,0.5
1222,39,75,1,1,qam,0.5
1223,39,77,1,1,qam,0.5
1224,39,78,1,1,qam,0.5
1225,39,79,1,1,qam,0.5
1226,39,86,1,1,qam,0.5
1227,39,87,1,1,qam,0.5
1228,39,89,1,1,qam,0.5
1229,39,93,1,1,qam,0.5
1230,40,42,1,1,qam,0.5
1231,40,44,1,1,qam,0.5
1232,40,46,1,1,qam,0.5
1233,40,47,1,1,qam,0.5
1234,40,49,1,1,qam,0.5
1235,40,51,1,1,qam,0.5
1236,40,53,1,1,qam,0.5
1237,40,54,1,1,qam,0.5
1238,40,55,1,1,qam,0.5
1239,40,56,1,1,qam,0.5
1240,40,57,1,1,qam,0.5
1241,40,59,1,1,qam,0.5
1242,40,60,1,1,qam,0.5
1243,40,61,1,1,qam,0.5
1244,40,63,1,1,qam,0.5
1245,40,64,1,1,qam,0.5
1246,40,65,1,1,qam,0.5
1247,40,67,1,1,qam,0.5
1248,40,70,1,1,qam,0.5
1249,40,72,1,1,qam,0.5
1250,40,74,1,1,qam,0.5
1251,40,75,1,1,qam,0.5
1252,40,77,1,1,qam,0.5
1253,40,78,1,1,qam,0.5
1254,40,79,1,1,qam,0.5
1255,40,86,1,1,qam,0.5
1256,40,87,1,1,qam,0.5
1257,40,89,1,1,qam,0.5
1258,40,93,1,1,qam,0.5
1259,41,42,1,1,qam,0.5
1260,41,43,1,1,qam,0.5
1261,41,45,1,1,qam,0.5
1262,41,46,1,1,qam,0.5
1263,41,47,1,1,qam,0.5
1264,41,48,1,1,qam,0.5
1265,41,49,1,1,qam,0.5
1266,41,50,1,1,qam,0.5
1267,41,51,1,1,qam,0.5
1268,41,52,1,1,qam,0.5
1269,41,53,1,1,qam,0.5
1270,41,54,1,1,qam,0.5
1271,41,55,1,1,qam,0.5
1272,41,56,1,1,qam,0.5
1273,41,57,1,1,qam,0.5
1274,41,58,1,1,qam,0.5
1275,41,59,1,1,qam,0.5
1276,41,60,1,1,qam,0.5
1277,41,61,1,1,qam,0.5
1278,41,62,1,1,qam,0.5
1279,41,63,1,1,qam,0.5
1280,41,66,1,1,qam,0.5
1281,41,68,1,1,qam,0.5
1282,41,69,1,1,qam,0.5
1283,41,71,1,1,qam,0.5
1284,41,72,1,1,qam,0.5
1285,41,73,1,1,qam,0.5
1286,41,74,1,1,qam,0.5
1287,41,75,1,1,qam,0.5
1288,41,76,1,1,qam,0.5
1289,41,78,1,1,qam,0.5
1290,41,79,1,1,qam,0.5
1291,41,80,1,1,qam,0.5
1292,41,81,1,1,qam,0.5
1293,41,82,1,1,qam,0.5
1294,41,83,1,1,qam,0.5
1295,41,84,1,1,qam,0.5
1296,41,85,1,1,qam,0.5
1297,41,86,1,1,qam,0.5
1298,41,88,1,1,qam,0.5
1299,41,90,1,1,qam,0.5
1300,41,91,1,1,qam,0.5
1301,41,94,1,1,qam,0.5
1302,41,96,1,1,qam,0.5
1303,41,97,1,1,qam,0.5
1304,42,44,1,1,qam,0.5
1305,42,46,1,1,qam,0.5
1306,42,47,1,1,qam,0.5
1307,42,49,1,1,qam,0.5
1308,42,50,1,1,qam,0.5
1309,42,51,1,1,qam,0.5
1310,42,52,1,1,qam,0.5
1311,42,53,1,1,qam,0.5
1312,42,54,1,1,qam,0.5
1313,42,55,1,1,qam,0.5
1314,42,56,1,1,qam,0.5
1315,42,57,1,1,qam,0.5
1316,42,58,1,1,qam,0.5
1317,42,59,1,1,qam,0.5
1318,42,60,1,1,qam,0.5
1319,42,61,1,1,qam,0.5
1320,42,62,1,1,qam,0.5
1321,42,63,1,1,qam,0.5
1322,42,64,1,1,qam,0.5
1323,42,65,1,1,qam,0.5
1324,42,66,1,1,qam,0.5
1325,42,67,1,1,qam,0.5
1326,42,70,1,1,qam,0.5
1327,42,71,1,1,qam,0.5
1328,42,72,1,1,qam,0.5
1329,42,73,1,1,qam,0.5
1330,42,74,1,1,qam,0.5
1331,42,75,1,1,qam,0.5
1332,42,77,1,1,qam,0.5
1333,42,78,1,1,qam,0.5
1334,42,79,1,1,qam,0.5
1335,42,83,1,1,qam,0.5
1336,42,85,1,1,qam,0.5
1337,42,86,1,1,qam,0.5
1338,42,87,1,1,qam,0.5
1339,42,89,1,1,qam,0.5
1340,42,93,1,1,qam,0.5
1341,42,98,1,1,qam,0.5
1342,43,45,1,1,qam,0.5
1343,43,48,1,1,qam,0.5
1344,43,50,1,1,qam,0.5
1345,43,52,1,1,qam,0.5
1346,43,58,1,1,qam,0.5
1347,43,62,1,1,qam,0.5
1348,43,68,1,1,qam,0.5
1349,43,69,1,1,qam,0.5
1350,43,80,1,1,qam,0.5
1351,43,81,1,1,qam,0.5
1352,43,82,1,1,qam,0.5
1353,43,84,1,1,qam,0.5
1354,43,88,1,1,qam,0.5
1355,43,90,1,1,qam,0.5
1356,43,91,1,1,qam,0.5
1357,43,92,1,1,qam,0.5
1358,43,95,1,1,qam,0.5
1359,43,96,1,1,qam,0.5
1360,44,46,1,1,qam,0.5
1361,44,47,1,1,qam,0.5
1362,44,49,1,1,qam,0.5
1363,44,50,1,1,qam,0.5
1364,44,51,1,1,qam,0.5
1365,44,53,1,1,qam,0.5
1366,44,54,1,1,qam,0.5
1367,44,55,1,1,qam,0.5
1368,44,56,1,1,qam,0.5
1369,44,57,1,1,qam,0.5
1370,44,58,1,1,qam,0.5
1371,44,59,1,1,qam,0.5
1372,44,60,1,1,qam,0.5
1373,44,61,1,1,qam,0.5
1374,44,63,1,1,qam,0.5
1375,44,64,1,1,qam,0.5
1376,44,65,1,1,qam,0.5
1377,44,66,1,1,qam,0.5
1378,44,67,1,1,qam,0.5
1379,44,70,1,1,qam,0.5
1380,44,71,1,1,qam,0.5
1381,44,72,1,1,qam,0.5
1382,44,74,1,1,qam,0.5
1383,44,75,1,1,qam,0.5
1384,44,77,1,1,qam,0.5
1385,44,78,1,1,qam,0.5
1386,44,79,1,1,qam,0.5
1387,44,83,1,1,qam,0.5
1388,44,85,1,1,qam,0.5
1389,44,86,1,1,qam,0.5
1390,44,87,1,1,qam,0.5
1391,44,89,1,1,qam,0.5
1392,44,93,1,1,qam,0.5
1393,45,48,1,1,qam,0.5
1394,45,49,1,1,qam,0.5
1395,45,50,1,1,qam,0.5
1396,45,51,1,1,qam,0.5
1397,45,52,1,1,qam,0.5
1398,45,53,1,1,qam,0.5
1399,45,54,1,1,qam,0.5
1400,45,55,1,1,qam,0.5
1401,45,56,1,1,qam,0.5
1402,45,57,1,1,qam,0.5
1403,45,58,1,1,qam,0.5
1404,45,59,1,1,qam,0.5
1405,45,60,1,1,qam,0.5
1406,45,62,1,1,qam,0.5
1407,45,66,1,1,qam,0.5
1408,45,68,1,1,qam,0.5
1409,45,69,1,1,qam,0.5
1410,45,71,1,1,qam,0.5
1411,45,73,1,1,qam,0.5
1412,45,75,1,1,qam,0.5
1413,45,76,1,1,qam,0.5
1414,45,80,1,1,qam,0.5
1415,45,81,1,1,qam,0.5
1416,45,82,1,1,qam,0.5
1417,45,83,1,1,qam,0.5
1418,45,84,1,1,qam,0.5
1419,45,85,1,1,qam,0.5
1420,45,88,1,1,qam,0.5
1421,45,90,1,1,qam,0.5
1422,45,91,1,1,qam,0.5
1423,45,92,1,1,qam,0.5
1424,45,94,1,1,qam,0.5
1425,45,95,1,1,qam,0.5
1426,45,96,1,1,qam,0.5
1427,45,97,1,1,qam,0.5
1428,46,47,1,1,qam,0.5
1429,46,49,1,1,qam,0.5
1430,46,50,1,1,qam,0.5
1431,46,51,1,1,qam,0.5
1432,46,52,1,1,qam,0.5
1433,46,53,1,1,qam,0.5
1434,46,54,1,1,qam,0.5
1435,46,55,1,1,qam,0.5
1436,46,56,1,1,qam,0.5
1437,46,57,1,1,qam,0.5
1438,46,58,1,1,qam,0.5
1439,46,59,1,1,qam,0.5
1440,46,60,1,1,qam,0.5
1441,46,61,1,1,qam,0.5
1442,46,62,1,1,qam,0.5
1443,46,63,1,1,qam,0.5
1444,46,64,1,1,qam,0.5
1445,46,65,1,1,qam,0.5
1446,46,66,1,1,qam,0.5
1447,46,67,1,1,qam,0.5
1448,46,69,1,1,qam,0.5
1449,46,70,1,1,qam,0.5
1450,46,71,1,1,qam,0.5
1451,46,72,1,1,qam,0.5
1452,46,73,1,1,qam,0.5
1453,46,74,1,1,qam,0.5
1454,46,75,1,1,qam,0.5
1455,46,76,1,1,qam,0.5
1456,46,77,1,1,qam,0.5
1457,46,78,1,1,qam,0.5
1458,46,79,1,1,qam,0.5
1459,46,83,1,1,qam,0.5
1460,46,85,1,1,qam,0.5
1461,46,86,1,1,qam,0.5
1462,46,87,1,1,qam,0.5
1463,46,89,1,1,qam,0.5
1464,46,93,1,1,qam,0.5
1465,46,98,1,1,qam,0.5
1466,47,49,1,1,qam,0.5
1467,47,50,1,1,qam,0.5
1468,47,51,1,1,qam,0.5
1469,47,52,1,1,qam,0.5
1470,47,53,1,1,qam,0.5
1471,47,54,1,1,qam,0.5
1472,47,55,1,1,qam,0.5
1473,47,56,1,1,qam,0.5
1474,47,57,1,1,qam,0.5
1475,47,58,1,1,qam,0.5
1476,47,59,1,1,qam,0.5
1477,47,60,1,1,qam,0.5
1478,47,61,1,1,qam,0.5
1479,47,62,1,1,qam,0.5
1480,47,63,1,1,qam,0.5
1481,47,64,1,1,qam,0.5
1482,47,65,1,1,qam,0.5
1483,47,66,1,1,qam,0.5
1484,47,67,1,1,qam,0.5
1485,47,69,1,1,qam,0.5
1486,47,70,1,1,qam,0.5
1487,47,71,1,1,qam,0.5
1488,47,72,1,1,qam,0.5
1489,47,73,1,1,qam,0.5
1490,47,74,1,1,qam,0.5
1491,47,75,1,1,qam,0.5
1492,47,76,1,1,qam,0.5
1493,47,77,1,1,qam,0.5
1494,47,78,1,1,qam,0.5
1495,47,79,1,1,qam,0.5
1496,47,83,1,1,qam,0.5
1497,47,85,1,1,qam,0.5
1498,47,86,1,1,qam,0.5
1499,47,87,1,1,qam,0.5
1500,47,89,1,1,qam,0.5
1501,47,93,1,1,qam,0.5
1502,47,98,1,1,qam,0.5
1503,47,100,1,1,qam,0.5
1504,48,49,1,1,qam,0.5
1505,48,50,1,1,qam,0.5
1506,48,51,1,1,qam,0.5
1507,48,52,1,1,qam,0.5
1508,48,53,1,1,qam,0.5
1509,48,54,1,1,qam,0.5
1510,48,55,1,1,qam,0.5
1511,48,56,1,1,qam,0.5
1512,48,57,1,1,qam,0.5
1513,48,58,1,1,qam,0.5
1514,48,59,1,1,qam,0.5
1515,48,60,1,1,qam,0.5
1516,48,61,1,1,qam,0.5
1517,48,62,1,1,qam,0.5
1518,48,63,1,1,qam,0.5
1519,48,66,1,1,qam,0.5
1520,48,68,1,1,qam,0.5
1521,48,69,1,1,qam,0.5
1522,48,71,1,1,qam,0.5
1523,48,72,1,1,qam,0.5
1524,48,73,1,1,qam,0.5
1525,48,75,1,1,qam,0.5
1526,48,76,1,1,qam,0.5
1527,48,79,1,1,qam,0.5
1528,48,80,1,1,qam,0.5
1529,48,81,1,1,qam,0.5
1530,48,82,1,1,qam,0.5
1531,48,83,1,1,qam,0.5
1532,48,84,1,1,qam,0.5
1533,48,85,1,1,qam,0.5
1534,48,88,1,1,qam,0.5
1535,48,90,1,1,qam,0.5
1536,48,91,1,1,qam,0.5
1537,48,92,1,1,qam,0.5
1538,48,94,1,1,qam,0.5
1539,48,95,1,1,qam,0.5
1540,48,96,1,1,qam,0.5
1541,48,97,1,1,qam,0.5
1542,48,99,1,1,qam,0.5
1543,49,50,1,1,qam,0.5
1544,49,51,1,1,qam,0.5
1545,49,52,1,1,qam,0.5
1546,49,53,1,1,qam,0.5
1547,49,54,1,1,qam,0.5
1548,49,55,1,1,qam,0.5
1549,49,56,1,1,qam,0.5
1550,49,57,1,1,qam,0.5
1551,49,58,1,1,qam,0.5
1552,49,59,1,1,qam,0.5
1553,49,60,1,1,qam,0.5
1554,49,61,1,1,qam,0.5
1555,49,62,1,1,qam,0.5
1556,49,63,1,1,qam,0.5
1557,49,64,1,1,qam,0.5
1558,49,65,1,1,qam,0.5
1559,49,66,1,1,qam,0.5
1560,49,67,1,1,qam,0.5
1561,49,69,1,1,qam,0.5
1562,49,70,1,1,qam,0.5
1563,49,71,1,1,qam,0.5
1564,49,72,1,1,qam,0.5
1565,49,73,1,1,qam,0.5
1566,49,74,1,1,qam,0.5
1567,49,75,1,1,qam,0.5
1568,49,76,1,1,qam,0.5
1569,49,77,1,1,qam,0.5
1570,49,78,1,1,qam,0.5
1571,49,79,1,1,qam,0.5
1572,49,81,1,1,qam,0.5
1573,49,83,1,1,qam,0.5
1574,49,84,1,1,qam,0.5
1575,49,85,1,1,qam,0.5
1576,49,86,1,1,qam,0.5
1577,49,87,1,1,qam,0.5
1578,49,89,1,1,qam,0.5
1579,49,93,1,1,qam,0.5
1580,49,94,1,1,qam,0.5
1581,49,98,1,1,qam,0.5
1582,49,99,1,1,qam,0.5
1583,49,100,1,1,qam,0.5
1584,50,51,1,1,qam,0.5
1585,50,52,1,1,qam,0.5
1586,50,53,1,1,qam,0.5
1587,50,54,1,1,qam,0.5
1588,50,55,1,1,qam,0.5
1589,50,56,1,1,qam,0.5
1590,50,57,1,1,qam,0.5
1591,50,58,1,1,qam,0.5
1592,50,59,1,1,qam,0.5
1593,50,60,1,1,qam,0.5
1594,50,61,1,1,qam,0.5
1595,50,62,1,1,qam,0.5
1596,50,63,1,1,qam,0.5
1597,50,64,1,1,qam,0.5
1598,50,65,1,1,qam,0.5
1599,50,66,1,1,qam,0.5
1600,50,68,1,1,qam,0.5
1601,50,69,1,1,qam,0.5
1602,50,70,1,1,qam,0.5
1603,50,71,1,1,qam,0.5
1604,50,72,1,1,qam,0.5
1605,50,73,1,1,qam,0.5
1606,50,74,1,1,qam,0.5
1607,50,75,1,1,qam,0.5
1608,50,76,1,1,qam,0.5
1609,50,77,1,1,qam,0.5
1610,50,78,1,1,qam,0.5
1611,50,79,1,1,qam,0.5
1612,50,80,1,1,qam,0.5
1613,50,81,1,1,qam,0.5
1614,50,82,1,1,qam,0.5
1615,50,83,1,1,qam,0.5
1616,50,84,1,1,qam,0.5
1617,50,85,1,1,qam,0.5
1618,50,86,1,1,qam,0.5
1619,50,87,1,1,qam,0.5
1620,50,88,1,1,qam,0.5
1621,50,89,1,1,qam,0.5
1622,50,90,1,1,qam,0.5
1623,50,91,1,1,qam,0.5
1624,50,94,1,1,qam,0.5
1625,50,96,1,1,qam,0.5
1626,50,97,1,1,qam,0.5
1627,50,98,1,1,qam,0.5
1628,50,99,1,1,qam,0.5
1629,50,100,1,1,qam,0.5
1630,51,52,1,1,qam,0.5
1631,51,53,1,1,qam,0.5
1632,51,54,1,1,qam,0.5
1633,51,55,1,1,qam,0.5
1634,51,56,1,1,qam,0.5
1635,51,57,1,1,qam,0.5
1636,51,58,1,1,qam,0.5
1637,51,59,1,1,qam,0.5
1638,51,60,1,1,qam,0.5
1639,51,61,1,1,qam,0.5
1640,51,62,1,1,qam,0.5
1641,51,63,1,1,qam,0.5
1642,51,64,1,1,qam,0.5
1643,51,65,1,1,qam,0.5
1644,51,66,1,1,qam,0.5
1645,51,67,1,1,qam,0.5
1646,51,69,1,1,qam,0.5
1647,51,70,1,1,qam,0.5
1648,51,71,1,1,qam,0.5
1649,51,72,1,1,qam,0.5
1650,51,73,1,1,qam,0.5
1651,51,74,1,1,qam,0.5
1652,51,75,1,1,qam,0.5
1653,51,76,1,1,qam,0.5
1654,51,77,1,1,qam,0.5
1655,51,78,1,1,qam,0.5
1656,51,79,1,1,qam,0.5
1657,51,81,1,1,qam,0.5
1658,51,83,1,1,qam,0.5
1659,51,84,1,1,qam,0.5
1660,51,85,1,1,qam,0.5
1661,51,86,1,1,qam,0.5
1662,51,87,1,1,qam,0.5
1663,51,89,1,1,qam,0.5
1664,51,93,1,1,qam,0.5
1665,51,94,1,1,qam,0.5
1666,51,98,1,1,qam,0.5
1667,51,99,1,1,qam,0.5
1668,51,100,1,1,qam,0.5
1669,52,53,1,1,qam,0.5
1670,52,54,1,1,qam,0.5
1671,52,55,1,1,qam,0.5
1672,52,56,1,1,qam,0.5
1673,52,57,1,1,qam,0.5
1674,52,58,1,1,qam,0.5
1675,52,59,1,1,qam,0.5
1676,52,60,1,1,qam,0.5
1677,52,61,1,1,qam,0.5
1678,52,62,1,1,qam,0.5
1679,52,63,1,1,qam,0.5
1680,52,64,1,1,qam,0.5
1681,52,66,1,1,qam,0.5
1682,52,68,1,1,qam,0.5
1683,52,69,1,1,qam,0.5
1684,52,70,1,1,qam,0.5
1685,52,71,1,1,qam,0.5
1686,52,72,1,1,qam,0.5
1687,52,73,1,1,qam,0.5
1688,52,74,1,1,qam,0.5
1689,52,75,1,1,qam,0.5
1690,52,76,1,1,qam,0.5
1691,52,77,1,1,qam,0.5
1692,52,78,1,1,qam,0.5
1693,52,79,1,1,qam,0.5
1694,52,80,1,1,qam,0.5
1695,52,81,1,1,qam,0.5
1696,52,82,1,1,qam,0.5
1697,52,83,1,1,qam,0.5
1698,52,84,1,1,qam,0.5
1699,52,85,1,1,qam,0.5
1700,52,86,1,1,qam,0.5
1701,52,87,1,1,qam,0.5
1702,52,88,1,1,qam,0.5
1703,52,89,1,1,qam,0.5
1704,52,90,1,1,qam,0.5
1705,52,91,1,1,qam,0.5
1706,52,92,1,1,qam,0.5
1707,52,94,1,1,qam,0.5
1708,52,95,1,1,qam,0.5
1709,52,96,1,1,qam,0.5
1710,52,97,1,1,qam,0.5
1711,52,98,1,1,qam,0.5
1712,52,99,1,1,qam,0.5
1713,52,100,1,1,qam,0.5
1714,53,54,1,1,qam,0.5
1715,53,55,1,1,qam,0.5
1716,53,56,1,1,qam,0.5
1717,53,57,1,1,qam,0.5
1718,53,58,1,1,qam,0.5
1719,53,59,1,1,qam,0.5
1720,53,60,1,1,qam,0.5
1721,53,61,1,1,qam,0.5
1722,53,62,1,1,qam,0.5
1723,53,63,1,1,qam,0.5
1724,53,64,1,1,qam,0.5
1725,53,65,1,1,qam,0.5
1726,53,66,1,1,qam,0.5
1727,53,67,1,1,qam,0.5
1728,53,69,1,1,qam,0.5
1729,53,70,1,1,qam,0.5
1730,53,71,1,1,qam,0.5
1731,53,72,1,1,qam,0.5
1732,53,73,1,1,qam,0.5
1733,53,74,1,1,qam,0.5
1734,53,75,1,1,qam,0.5
1735,53,76,1,1,qam,0.5
1736,53,77,1,1,qam,0.5
1737,53,78,1,1,qam,0.5
1738,53,79,1,1,qam,0.5
1739,53,81,1,1,qam,0.5
1740,53,83,1,1,qam,0.5
1741,53,84,1,1,qam,0.5
1742,53,85,1,1,qam,0.5
1743,53,86,1,1,qam,0.5
1744,53,87,1,1,qam,0.5
1745,53,89,1,1,qam,0.5
1746,53,93,1,1,qam,0.5
1747,53,94,1,1,qam,0.5
1748,53,97,1,1,qam,0.5
1749,53,98,1,1,qam,0.5
1750,53,99,1,1,qam,0.5
1751,53,100,1,1,qam,0.5
1752,54,55,1,1,qam,0.5
1753,54,56,1,1,qam,0.5
1754,54,57,1,1,qam,0.5
1755,54,58,1,1,qam,0.5
1756,54,59,1,1,qam,0.5
1757,54,60,1,1,qam,0.5
1758,54,61,1,1,qam,0.5
1759,54,62,1,1,qam,0.5
1760,54,63,1,1,qam,0.5
1761,54,64,1,1,qam,0.5
1762,54,65,1,1,qam,0.5
1763,54,66,1,1,qam,0.5
1764,54,67,1,1,qam,0.5
1765,54,69,1,1,qam,0.5
1766,54,70,1,1,qam,0.5
1767,54,71,1,1,qam,0.5
1768,54,72,1,1,qam,0.5
1769,54,73,1,1,qam,0.5
1770,54,74,1,1,qam,0.5
1771,54,75,1,1,qam,0.5
1772,54,76,1,1,qam,0.5
1773,54,77,1,1,qam,0.5
1774,54,78,1,1,qam,0.5
1775,54,79,1,1,qam,0.5
1776,54,81,1,1,qam,0.5
1777,54,83,1,1,qam,0.5
1778,54,84,1,1,qam,0.5
1779,54,85,1,1,qam,0.5
1780,54,86,1,1,qam,0.5
1781,54,87,1,1,qam,0.5
1782,54,89,1,1,qam,0.5
1783,54,93,1,1,qam,0.5
1784,54,94,1,1,qam,0.5
1785,54,97,1,1,qam,0.5
1786,54,98,1,1,qam,0.5
1787,54,99,1,1,qam,0.5
1788,54,100,1,1,qam,0.5
1789,55,56,1,1,qam,0.5
1790,55,57,1,1,qam,0.5
1791,55,58,1,1,qam,0.5
1792,55,59,1,1,qam,0.5
1793,55,60,1,1,qam,0.5
1794,55,61,1,1,qam,0.5
1795,55,62,1,1,qam,0.5
1796,55,63,1,1,qam,0.5
1797,55,64,1,1,qam,0.5
1798,55,65,1,1,qam,0.5
1799,55,66,1,1,qam,0.5
1800,55,67,1,1,qam,0.5
1801,55,68,1,1,qam,0.5
1802,55,69,1,1,qam,0.5
1803,55,70,1,1,qam,0.5
1804,55,71,1,1,qam,0.5
1805,55,72,1,1,qam,0.5
1806,55,73,1,1,qam,0.5
1807,55,74,1,1,qam,0.5
1808,55,75,1,1,qam,0.5
1809,55,76,1,1,qam,0.5
1810,55,77,1,1,qam,0.5
1811,55,78,1,1,qam,0.5
1812,55,79,1,1,qam,0.5
1813,55,81,1,1,qam,0.5
1814,55,83,1,1,qam,0.5
1815,55,84,1,1,qam,0.5
1816,55,85,1,1,qam,0.5
1817,55,86,1,1,qam,0.5
1818,55,87,1,1,qam,0.5
1819,55,88,1,1,qam,0.5
1820,55,89,1,1,qam,0.5
1821,55,94,1,1,qam,0.5
1822,55,96,1,1,qam,0.5
1823,55,97,1,1,qam,0.5
1824,55,98,1,1,qam,0.5
1825,55,99,1,1,qam,0.5
1826,55,100,1,1,qam,0.5
1827,56,57,1,1,qam,0.5
1828,56,58,1,1,qam,0.5
1829,56,59,1,1,qam,0.5
1830,56,60,1,1,qam,0.5
1831,56,61,1,1,qam,0.5
1832,56,62,1,1,qam,0.5
1833,56,63,1,1,qam,0.5
1834,56,64,1,1,qam,0.5
1835,56,65,1,1,qam,0.5
1836,56,66,1,1,qam,0.5
1837,56,67,1,1,qam,0.5
1838,56,69,1,1,qam,0.5
1839,56,70,1,1,qam,0.5
1840,56,71,1,1,qam,0.5
1841,56,72,1,1,qam,0.5
1842,56,73,1,1,qam,0.5
1843,56,74,1,1,qam,0.5
1844,56,75,1,1,qam,0.5
1845,56,76,1,1,qam,0.5
1846,56,77,1,1,qam,0.5
1847,56,78,1,1,qam,0.5
1848,56,79,1,1,qam,0.5
1849,56,81,1,1,qam,0.5
1850,56,83,1,1,qam,0.5
1851,56,84,1,1,qam,0.5
1852,56,85,1,1,qam,0.5
1853,56,86,1,1,qam,0.5
1854,56,87,1,1,qam,0.5
1855,56,89,1,1,qam,0.5
1856,56,93,1,1,qam,0.5
1857,56,94,1,1,qam,0.5
1858,56,97,1,1,qam,0.5
1859,56,98,1,1,qam,0.5
1860,56,99,1,1,qam,0.5
1861,56,100,1,1,qam,0.5
1862,57,58,1,1,qam,0.5
1863,57,59,1,1,qam,0.5
1864,57,60,1,1,qam,0.5
1865,57,61,1,1,qam,0.5
1866,57,62,1,1,qam,0.5
1867,57,63,1,1,qam,0.5
1868,57,64,1,1,qam,0.5
1869,57,65,1,1,qam,0.5
1870,57,66,1,1,qam,0.5
1871,57,67,1,1,qam,0.5
1872,57,69,1,1,qam,0.5
1873,57,70,1,1,qam,0.5
1874,57,71,1,1,qam,0.5
1875,57,72,1,1,qam,0.5
1876,57,73,1,1,qam,0.5
1877,57,74,1,1,qam,0.5
1878,57,75,1,1,qam,0.5
1879,57,76,1,1,qam,0.5
1880,57,77,1,1,qam,0.5
1881,57,78,1,1,qam,0.5
1882,57,79,1,1,qam,0.5
1883,57,81,1,1,qam,0.5
1884,57,83,1,1,qam,0.5
1885,57,84,1,1,qam,0.5
1886,57,85,1,1,qam,0.5
1887,57,86,1,1,qam,0.5
1888,57,87,1,1,qam,0.5
1889,57,89,1,1,qam,0.5
1890,57,93,1,1,qam,0.5
1891,57,94,1,1,qam,0.5
1892,57,97,1,1,qam,0.5
1893,57,98,1,1,qam,0.5
1894,57,99,1,1,qam,0.5
1895,57,100,1,1,qam,0.5
1896,58,59,1,1,qam,0.5
1897,58,60,1,1,qam,0.5
1898,58,61,1,1,qam,0.5
1899,58,62,1,1,qam,0.5
1900,58,63,1,1,qam,0.5
1901,58,64,1,1,qam,0.5
1902,58,65,1,1,qam,0.5
1903,58,66,1,1,qam,0.5
1904,58,68,1,1,qam,0.5
1905,58,69,1,1,qam,0.5
1906,58,70,1,1,qam,0.5
1907,58,71,1,1,qam,0.5
1908,58,72,1,1,qam,0.5
1909,58,73,1,1,qam,0.5
1910,58,74,1,1,qam,0.5
1911,58,75,1,1,qam,0.5
1912,58,76,1,1,qam,0.5
1913,58,77,1,1,qam,0.5
1914,58,78,1,1,qam,0.5
1915,58,79,1,1,qam,0.5
1916,58,80,1,1,qam,0.5
1917,58,81,1,1,qam,0.5
1918,58,82,1,1,qam,0.5
1919,58,83,1,1,qam,0.5
1920,58,84,1,1,qam,0.5
1921,58,85,1,1,qam,0.5
1922,58,86,1,1,qam,0.5
1923,58,87,1,1,qam,0.5
1924,58,88,1,1,qam,0.5
1925,58,89,1,1,qam,0.5
1926,58,90,1,1,qam,0.5
1927,58,91,1,1,qam,0.5
1928,58,92,1,1,qam,0.5
1929,58,94,1,1,qam,0.5
1930,58,95,1,1,qam,0.5
1931,58,96,1,1,qam,0.5
1932,58,97,1,1,qam,0.5
1933,58,98,1,1,qam,0.5
1934,58,99,1,1,qam,0.5
1935,58,100,1,1,qam,0.5
1936,59,60,1,1,qam,0.5
1937,59,61,1,1,qam,0.5
1938,59,62,1,1,qam,0.5
1939,59,63,1,1,qam,0.5
1940,59,64,1,1,qam,0.5
1941,59,65,1,1,qam,0.5
1942,59,66,1,1,qam,0.5
1943,59,67,1,1,qam,0.5
1944,59,69,1,1,qam,0.5
1945,59,70,1,1,qam,0.5
1946,59,71,1,1,qam,0.5
1947,59,72,1,1,qam,0.5
1948,59,73,1,1,qam,0.5
1949,59,74,1,1,qam,0.5
1950,59,75,1,1,qam,0.5
1951,59,76,1,1,qam,0.5
1952,59,77,1,1,qam,0.5
1953,59,78,1,1,qam,0.5
1954,59,79,1,1,qam,0.5
1955,59,81,1,1,qam,0.5
1956,59,83,1,1,qam,0.5
1957,59,84,1,1,qam,0.5
1958,59,85,1,1,qam,0.5
1959,59,86,1,1,qam,0.5
1960,59,87,1,1,qam,0.5
1961,59,89,1,1,qam,0.5
1962,59,93,1,1,qam,0.5
1963,59,94,1,1,qam,0.5
1964,59,98,1,1,qam,0.5
1965,59,99,1,1,qam,0.5
1966,59,100,1,1,qam,0.5
1967,60,61,1,1,qam,0.5
1968,60,62,1,1,qam,0.5
1969,60,63,1,1,qam,0.5
1970,60,64,1,1,qam,0.5
1971,60,65,1,1,qam,0.5
1972,60,66,1,1,qam,0.5
1973,60,67,1,1,qam,0.5
1974,60,69,1,1,qam,0.5
1975,60,70,1,1,qam,0.5
1976,60,71,1,1,qam,0.5
1977,60,72,1,1,qam,0.5
1978,60,73,1,1,qam,0.5
1979,60,74,1,1,qam,0.5
1980,60,75,1,1,qam,0.5
1981,60,76,1,1,qam,0.5
1982,60,77,1,1,qam,0.5
1983,60,78,1,1,qam,0.5
1984,60,79,1,1,qam,0.5
1985,60,81,1,1,qam,0.5
1986,60,83,1,1,qam,0.5
1987,60,84,1,1,qam,0.5
1988,60,85,1,1,qam,0.5
1989,60,86,1,1,qam,0.5
1990,60,87,1,1,qam,0.5
1991,60,89,1,1,qam,0.5
1992,60,93,1,1,qam,0.5
1993,60,94,1,1,qam,0.5
1994,60,97,1,1,qam,0.5
1995,60,98,1,1,qam,0.5
1996,60,99,1,1,qam,0.5
1997,60,100,1,1,qam,0.5
1998,61,62,1,1,qam,0.5
1999,61,63,1,1,qam,0.5
2000,61,64,1,1,qam,0.5
2001,61,65,1,1,qam,0.5
2002,61,66,1,1,qam,0.5
2003,61,67,1,1,qam,0.5
2004,61,69,1,1,qam,0.5
2005,61,70,1,1,qam,0.5
2006,61,71,1,1,qam,0.5
2007,61,72,1,1,qam,0.5
2008,61,73,1,1,qam,0.5
2009,61,74,1,1,qam,0.5
2010,61,75,1,1,qam,0.5
2011,61,76,1,1,qam,0.5
2012,61,77,1,1,qam,0.5
2013,61,78,1,1,qam,0.5
2014,61,79,1,1,qam,0.5
2015,61,81,1,1,qam,0.5
2016,61,83,1,1,qam,0.5
2017,61,84,1,1,qam,0.5
2018,61,85,1,1,qam,0.5
2019,61,86,1,1,qam,0.5
2020,61,87,1,1,qam,0.5
2021,61,89,1,1,qam,0.5
2022,61,93,1,1,qam,0.5
2023,61,94,1,1,qam,0.5
2024,61,98,1,1,qam,0.5
2025,61,99,1,1,qam,0.5
2026,61,100,1,1,qam,0.5
2027,62,63,1,1,qam,0.5
2028,62,64,1,1,qam,0.5
2029,62,66,1,1,qam,0.5
2030,62,68,1,1,qam,0.5
2031,62,69,1,1,qam,0.5
2032,62,70,1,1,qam,0.5
2033,62,71,1,1,qam,0.5
2034,62,72,1,1,qam,0.5
2035,62,73,1,1,qam,0.5
2036,62,74,1,1,qam,0.5
2037,62,75,1,1,qam,0.5
2038,62,76,1,1,qam,0.5
2039,62,77,1,1,qam,0.5
2040,62,78,1,1,qam,0.5
2041,62,79,1,1,qam,0.5
2042,62,80,1,1,qam,0.5
2043,62,81,1,1,qam,0.5
2044,62,82,1,1,qam,0.5
2045,62,83,1,1,qam,0.5
2046,62,84,1,1,qam,0.5
2047,62,85,1,1,qam,0.5
2048,62,86,1,1,qam,0.5
2049,62,87,1,1,qam,0.5
2050,62,88,1,1,qam,0.5
2051,62,89,1,1,qam,0.5
2052,62,90,1,1,qam,0.5
2053,62,91,1,1,qam,0.5
2054,62,92,1,1,qam,0.5
2055,62,94,1,1,qam,0.5
2056,62,95,1,1,qam,0.5
2057,62,96,1,1,qam,0.5
2058,62,97,1,1,qam,0.5
2059,62,98,1,1,qam,0.5
2060,62,99,1,1,qam,0.5
2061,62,100,1,1,qam,0.5
2062,63,64,1,1,qam,0.5
2063,63,65,1,1,qam,0.5
2064,63,66,1,1,qam,0.5
2065,63,67,1,1,qam,0.5
2066,63,69,1,1,qam,0.5
2067,63,70,1,1,qam,0.5
2068,63,71,1,1,qam,0.5
2069,63,72,1,1,qam,0.5
2070,63,73,1,1,qam,0.5
2071,63,74,1,1,qam,0.5
2072,63,75,1,1,qam,0.5
2073,63,76,1,1,qam,0.5
2074,63,77,1,1,qam,0.5
2075,63,78,1,1,qam,0.5
2076,63,79,1,1,qam,0.5
2077,63,81,1,1,qam,0.5
2078,63,83,1,1,qam,0.5
2079,63,84,1,1,qam,0.5
2080,63,85,1,1,qam,0.5
2081,63,86,1,1,qam,0.5
2082,63,87,1,1,qam,0.5
2083,63,89,1,1,qam,0.5
2084,63,93,1,1,qam,0.5
2085,63,94,1,1,qam,0.5
2086,63,97,1,1,qam,0.5
2087,63,98,1,1,qam,0.5
2088,63,99,1,1,qam,0.5
2089,63,100,1,1,qam,0.5
2090,64,65,1,1,qam,0.5
2091,64,66,1,1,qam,0.5
2092,64,67,1,1,qam,0.5
2093,64,70,1,1,qam,0.5
2094,64,71,1,1,qam,0.5
2095,64,72,1,1,qam,0.5
2096,64,73,1,1,qam,0.5
2097,64,74,1,1,qam,0.5
2098,64,75,1,1,qam,0.5
2099,64,77,1,1,qam,0.5
2100,64,78,1,1,qam,0.5
2101,64,79,1,1,qam,0.5
2102,64,83,1,1,qam,0.5
2103,64,85,1,1,qam,0.5
2104,64,86,1,1,qam,0.5
2105,64,87,1,1,qam,0.5
2106,64,89,1,1,qam,0.5
2107,64,93,1,1,qam,0.5
2108,64,98,1,1,qam,0.5
2109,64,99,1,1,qam,0.5
2110,64,100,1,1,qam,0.5
2111,65,66,1,1,qam,0.5
2112,65,67,1,1,qam,0.5
2113,65,70,1,1,qam,0.5
2114,65,71,1,1,qam,0.5
2115,65,72,1,1,qam,0.5
2116,65,73,1,1,qam,0.5
2117,65,74,1,1,qam,0.5
2118,65,75,1,1,qam,0.5
2119,65,77,1,1,qam,0.5
2120,65,78,1,1,qam,0.5
2121,65,79,1,1,qam,0.5
2122,65,83,1,1,qam,0.5
2123,65,85,1,1,qam,0.5
2124,65,86,1,1,qam,0.5
2125,65,87,1,1,qam,0.5
2126,65,89,1,1,qam,0.5
2127,65,93,1,1,qam,0.5
2128,65,98,1,1,qam,0.5
2129,65,100,1,1,qam,0.5
2130,66,67,1,1,qam,0.5
2131,66,68,1,1,qam,0.5
2132,66,69,1,1,qam,0.5
2133,66,70,1,1,qam,0.5
2134,66,71,1,1,qam,0.5
2135,66,72,1,1,qam,0.5
2136,66,73,1,1,qam,0.5
2137,66,74,1,1,qam,0.5
2138,66,75,1,1,qam,0.5
2139,66,76,1,1,qam,0.5
2140,66,77,1,1,qam,0.5
2141,66,78,1,1,qam,0.5
2142,66,79,1,1,qam,0.5
2143,66,81,1,1,qam,0.5
2144,66,83,1,1,qam,0.5
2145,66,84,1,1,qam,0.5
2146,66,85,1,1,qam,0.5
2147,66,86,1,1,qam,0.5
2148,66,87,1,1,qam,0.5
2149,66,88,1,1,qam,0.5
2150,66,89,1,1,qam,0.5
2151,66,91,1,1,qam,0.5
2152,66,93,1,1,qam,0.5
2153,66,94,1,1,qam,0.5
2154,66,96,1,1,qam,0.5
2155,66,97,1,1,qam,0.5
2156,66,98,1,1,qam,0.5
2157,66,99,1,1,qam,0.5
2158,66,100,1,1,qam,0.5
2159,67,70,1,1,qam,0.5
2160,67,71,1,1,qam,0.5
2161,67,72,1,1,qam,0.5
2162,67,74,1,1,qam,0.5
2163,67,75,1,1,qam,0.5
2164,67,77,1,1,qam,0.5
2165,67,78,1,1,qam,0.5
2166,67,79,1,1,qam,0.5
2167,67,83,1,1,qam,0.5
2168,67,85,1,1,qam,0.5
2169,67,86,1,1,qam,0.5
2170,67,87,1,1,qam,0.5
2171,67,89,1,1,qam,0.5
2172,67,93,1,1,qam,0.5
2173,67,98,1,1,qam,0.5
2174,67,100,1,1,qam,0.5
2175,68,69,1,1,qam,0.5
2176,68,71,1,1,qam,0.5
2177,68,73,1,1,qam,0.5
2178,68,76,1,1,qam,0.5
2179,68,80,1,1,qam,0.5
2180,68,81,1,1,qam,0.5
2181,68,82,1,1,qam,0.5
2182,68,84,1,1,qam,0.5
2183,68,88,1,1,qam,0.5
2184,68,90,1,1,qam,0.5
2185,68,91,1,1,qam,0.5
2186,68,92,1,1,qam,0.5
2187,68,94,1,1,qam,0.5
2188,68,95,1,1,qam,0.5
2189,68,96,1,1,qam,0.5
2190,68,97,1,1,qam,0.5
2191,68,99,1,1,qam,0.5
2192,69,70,1,1,qam,0.5
2193,69,71,1,1,qam,0.5
2194,69,72,1,1,qam,0.5
2195,69,73,1,1,qam,0.5
2196,69,74,1,1,qam,0.5
2197,69,75,1,1,qam,0.5
2198,69,76,1,1,qam,0.5
2199,69,77,1,1,qam,0.5
2200,69,78,1,1,qam,0.5
2201,69,79,1,1,qam,0.5
2202,69,80,1,1,qam,0.5
2203,69,81,1,1,qam,0.5
2204,69,82,1,1,qam,0.5
2205,69,83,1,1,qam,0.5
2206,69,84,1,1,qam,0.5
2207,69,85,1,1,qam,0.5
2208,69,86,1,1,qam,0.5
2209,69,87,1,1,qam,0.5
2210,69,88,1,1,qam,0.5
2211,69,89,1,1,qam,0.5
2212,69,90,1,1,qam,0.5
2213,69,91,1,1,qam,0.5
2214,69,92,1,1,qam,0.5
2215,69,94,1,1,qam,0.5
2216,69,95,1,1,qam,0.5
2217,69,96,1,1,qam,0.5
2218,69,97,1,1,qam,0.5
2219,69,98,1,1,qam,0.5
2220,69,99,1,1,qam,0.5
2221,69,100,1,1,qam,0.5
2222,70,71,1,1,qam,0.5
2223,70,72,1,1,qam,0.5
2224,70,73,1,1,qam,0.5
2225,70,74,1,1,qam,0.5
2226,70,75,1,1,qam,0.5
2227,70,76,1,1,qam,0.5
2228,70,77,1,1,qam,0.5
2229,70,78,1,1,qam,0.5
2230,70,79,1,1,qam,0.5
2231,70,81,1,1,qam,0.5
2232,70,83,1,1,qam,0.5
2233,70,84,1,1,qam,0.5
2234,70,85,1,1,qam,0.5
2235,70,86,1,1,qam,0.5
2236,70,87,1,1,qam,0.5
2237,70,89,1,1,qam,0.5
2238,70,93,1,1,qam,0.5
2239,70,94,1,1,qam,0.5
2240,70,98,1,1,qam,0.5
2241,70,99,1,1,qam,0.5
2242,70,100,1,1,qam,0.5
2243,71,72,1,1,qam,0.5
2244,71,73,1,1,qam,0.5
2245,71,74,1,1,qam,0.5
2246,71,75,1,1,qam,0.5
2247,71,76,1,1,qam,0.5
2248,71,77,1,1,qam,0.5
2249,71,78,1,1,qam,0.5
2250,71,79,1,1,qam,0.5
2251,71,81,1,1,qam,0.5
2252,71,83,1,1,qam,0.5
2253,71,84,1,1,qam,0.5
2254,71,85,1,1,qam,0.5
2255,71,86,1,1,qam,0.5
2256,71,87,1,1,qam,0.5
2257,71,88,1,1,qam,0.5
2258,71,89,1,1,qam,0.5
2259,71,90,1,1,qam,0.5
2260,71,91,1,1,qam,0.5
2261,71,93,1,1,qam,0.5
2262,71,94,1,1,qam,0.5
2263,71,96,1,1,qam,0.5
2264,71,97,1,1,qam,0.5
2265,71,98,1,1,qam,0.5
2266,71,99,1,1,qam,0.5
2267,71,100,1,1,qam,0.5
2268,72,73,1,1,qam,0.5
2269,72,74,1,1,qam,0.5
2270,72,75,1,1,qam,0.5
2271,72,76,1,1,qam,0.5
2272,72,77,1,1,qam,0.5
2273,72,78,1,1,qam,0.5
2274,72,79,1,1,qam,0.5
2275,72,81,1,1,qam,0.5
2276,72,83,1,1,qam,0.5
2277,72,84,1,1,qam,0.5
2278,72,85,1,1,qam,0.5
2279,72,86,1,1,qam,0.5
2280,72,87,1,1,qam,0.5
2281,72,89,1,1,qam,0.5
2282,72,93,1,1,qam,0.5
2283,72,94,1,1,qam,0.5
2284,72,97,1,1,qam,0.5
2285,72,98,1,1,qam,0.5
2286,72,99,1,1,qam,0.5
2287,72,100,1,1,qam,0.5
2288,73,74,1,1,qam,0.5
2289,73,75,1,1,qam,0.5
2290,73,76,1,1,qam,0.5
2291,73,77,1,1,qam,0.5
2292,73,78,1,1,qam,0.5
2293,73,79,1,1,qam,0.5
2294,73,80,1,1,qam,0.5
2295,73,81,1,1,qam,0.5
2296,73,82,1,1,qam,0.5
2297,73,83,1,1,qam,0.5
2298,73,84,1,1,qam,0.5
2299,73,85,1,1,qam,0.5
2300,73,86,1,1,qam,0.5
2301,73,87,1,1,qam,0.5
2302,73,88,1,1,qam,0.5
2303,73,89,1,1,qam,0.5
2304,73,90,1,1,qam,0.5
2305,73,91,1,1,qam,0.5
2306,73,92,1,1,qam,0.5
2307,73,94,1,1,qam,0.5
2308,73,95,1,1,qam,0.5
2309,73,96,1,1,qam,0.5
2310,73,97,1,1,qam,0.5
2311,73,98,1,1,qam,0.5
2312,73,99,1,1,qam,0.5
2313,73,100,1,1,qam,0.5
2314,74,75,1,1,qam,0.5
2315,74,76,1,1,qam,0.5
2316,74,77,1,1,qam,0.5
2317,74,78,1,1,qam,0.5
2318,74,79,1,1,qam,0.5
2319,74,81,1,1,qam,0.5
2320,74,83,1,1,qam,0.5
2321,74,84,1,1,qam,0.5
2322,74,85,1,1,qam,0.5
2323,74,86,1,1,qam,0.5
2324,74,87,1,1,qam,0.5
2325,74,89,1,1,qam,0.5
2326,74,93,1,1,qam,0.5
2327,74,94,1,1,qam,0.5
2328,74,97,1,1,qam,0.5
2329,74,98,1,1,qam,0.5
2330,74,99,1,1,qam,0.5
2331,74,100,1,1,qam,0.5
2332,75,76,1,1,qam,0.5
2333,75,77,1,1,qam,0.5
2334,75,78,1,1,qam,0.5
2335,75,79,1,1,qam,0.5
2336,75,81,1,1,qam,0.5
2337,75,83,1,1,qam,0.5
2338,75,84,1,1,qam,0.5
2339,75,85,1,1,qam,0.5
2340,75,86,1,1,qam,0.5
2341,75,87,1,1,qam,0.5
2342,75,89,1,1,qam,0.5
2343,75,93,1,1,qam,0.5
2344,75,94,1,1,qam,0.5
2345,75,96,1,1,qam,0.5
2346,75,97,1,1,qam,0.5
2347,75,98,1,1,qam,0.5
2348,75,99,1,1,qam,0.5
2349,75,100,1,1,qam,0.5
2350,76,77,1,1,qam,0.5
2351,76,78,1,1,qam,0.5
2352,76,79,1,1,qam,0.5
2353,76,80,1,1,qam,0.5
2354,76,81,1,1,qam,0.5
2355,76,82,1,1,qam,0.5
2356,76,83,1,1,qam,0.5
2357,76,84,1,1,qam,0.5
2358,76,85,1,1,qam,0.5
2359,76,86,1,1,qam,0.5
2360,76,87,1,1,qam,0.5
2361,76,88,1,1,qam,0.5
2362,76,89,1,1,qam,0.5
2363,76,90,1,1,qam,0.5
2364,76,91,1,1,qam,0.5
2365,76,92,1,1,qam,0.5
2366,76,94,1,1,qam,0.5
2367,76,95,1,1,qam,0.5
2368,76,96,1,1,qam,0.5
2369,76,97,1,1,qam,0.5
2370,76,98,1,1,qam,0.5
2371,76,99,1,1,qam,0.5
2372,76,100,1,1,qam,0.5
2373,77,78,1,1,qam,0.5
2374,77,79,1,1,qam,0.5
2375,77,81,1,1,qam,0.5
2376,77,83,1,1,qam,0.5
2377,77,84,1,1,qam,0.5
2378,77,85,1,1,qam,0.5
2379,77,86,1,1,qam,0.5
2380,77,87,1,1,qam,0.5
2381,77,89,1,1,qam,0.5
2382,77,93,1,1,qam,0.5
2383,77,94,1,1,qam,0.5
2384,77,97,1,1,qam,0.5
2385,77,98,1,1,qam,0.5
2386,77,99,1,1,qam,0.5
2387,77,100,1,1,qam,0.5
2388,78,79,1,1,qam,0.5
2389,78,81,1,1,qam,0.5
2390,78,83,1,1,qam,0.5
2391,78,84,1,1,qam,0.5
2392,78,85,1,1,qam,0.5
2393,78,86,1,1,qam,0.5
2394,78,87,1,1,qam,0.5
2395,78,89,1,1,qam,0.5
2396,78,93,1,1,qam,0.5
2397,78,94,1,1,qam,0.5
2398,78,97,1,1,qam,0.5
2399,78,98,1,1,qam,0.5
2400,78,99,1,1,qam,0.5
2401,78,100,1,1,qam,0.5
2402,79,81,1,1,qam,0.5
2403,79,83,1,1,qam,0.5
2404,79,84,1,1,qam,0.5
2405,79,85,1,1,qam,0.5
2406,79,86,1,1,qam,0.5
2407,79,87,1,1,qam,0.5
2408,79,89,1,1,qam,0.5
2409,79,93,1,1,qam,0.5
2410,79,94,1,1,qam,0.5
2411,79,97,1,1,qam,0.5
2412,79,98,1,1,qam,0.5
2413,79,99,1,1,qam,0.5
2414,79,100,1,1,qam,0.5
2415,80,81,1,1,qam,0.5
2416,80,82,1,1,qam,0.5
2417,80,84,1,1,qam,0.5
2418,80,88,1,1,qam,0.5
2419,80,90,1,1,qam,0.5
2420,80,91,1,1,qam,0.5
2421,80,92,1,1,qam,0.5
2422,80,94,1,1,qam,0.5
2423,80,95,1,1,qam,0.5
2424,80,96,1,1,qam,0.5
2425,80,97,1,1,qam,0.5
2426,80,99,1,1,qam,0.5
2427,81,82,1,1,qam,0.5
2428,81,83,1,1,qam,0.5
2429,81,84,1,1,qam,0.5
2430,81,85,1,1,qam,0.5
2431,81,86,1,1,qam,0.5
2432,81,87,1,1,qam,0.5
2433,81,88,1,1,qam,0.5
2434,81,89,1,1,qam,0.5
2435,81,90,1,1,qam,0.5
2436,81,91,1,1,qam,0.5
2437,81,92,1,1,qam,0.5
2438,81,94,1,1,qam,0.5
2439,81,95,1,1,qam,0.5
2440,81,96,1,1,qam,0.5
2441,81,97,1,1,qam,0.5
2442,81,98,1,1,qam,0.5
2443,81,99,1,1,qam,0.5
2444,81,100,1,1,qam,0.5
2445,82,84,1,1,qam,0.5
2446,82,88,1,1,qam,0.5
2447,82,90,1,1,qam,0.5
2448,82,91,1,1,qam,0.5
2449,82,92,1,1,qam,0.5
2450,82,94,1,1,qam,0.5
2451,82,95,1,1,qam,0.5
2452,82,96,1,1,qam,0.5
2453,82,97,1,1,qam,0.5
2454,82,99,1,1,qam,0.5
2455,83,84,1,1,qam,0.5
2456,83,85,1,1,qam,0.5
2457,83,86,1,1,qam,0.5
2458,83,87,1,1,qam,0.5
2459,83,88,1,1,qam,0.5
2460,83,89,1,1,qam,0.5
2461,83,93,1,1,qam,0.5
2462,83,94,1,1,qam,0.5
2463,83,96,1,1,qam,0.5
2464,83,97,1,1,qam,0.5
2465,83,98,1,1,qam,0.5
2466,83,99,1,1,qam,0.5
2467,83,100,1,1,qam,0.5
2468,84,85,1,1,qam,0.5
2469,84,86,1,1,qam,0.5
2470,84,87,1,1,qam,0.5
2471,84,88,1,1,qam,0.5
2472,84,89,1,1,qam,0.5
2473,84,90,1,1,qam,0.5
2474,84,91,1,1,qam,0.5
2475,84,92,1,1,qam,0.5
2476,84,94,1,1,qam,0.5
2477,84,95,1,1,qam,0.5
2478,84,96,1,1,qam,0.5
2479,84,97,1,1,qam,0.5
2480,84,98,1,1,qam,0.5
2481,84,99,1,1,qam,0.5
2482,84,100,1,1,qam,0.5
2483,85,86,1,1,qam,0.5
2484,85,87,1,1,qam,0.5
2485,85,88,1,1,qam,0.5
2486,85,89,1,1,qam,0.5
2487,85,93,1,1,qam,0.5
2488,85,94,1,1,qam,0.5
2489,85,96,1,1,qam,0.5
2490,85,97,1,1,qam,0.5
2491,85,98,1,1,qam,0.5
2492,85,99,1,1,qam,0.5
2493,85,100,1,1,qam,0.5
2494,86,87,1,1,qam,0.5
2495,86,89,1,1,qam,0.5
2496,86,93,1,1,qam,0.5
2497,86,94,1,1,qam,0.5
2498,86,97,1,1,qam,0.5
2499,86,98,1,1,qam,0.5
2500,86,99,1,1,qam,0.5
2501,86,100,1,1,qam,0.5
2502,87,89,1,1,qam,0.5
2503,87,93,1,1,qam,0.5
2504,87,94,1,1,qam,0.5
2505,87,97,1,1,qam,0.5
2506,87,98,1,1,qam,0.5
2507,87,99,1,1,qam,0.5
2508,87,100,1,1,qam,0.5
2509,88,90,1,1,qam,0.5
2510,88,91,1,1,qam,0.5
2511,88,92,1,1,qam,0.5
2512,88,94,1,1,qam,0.5
2513,88,95,1,1,qam,0.5
2514,88,96,1,1,qam,0.5
2515,88,97,1,1,qam,0.5
2516,88,99,1,1,qam,0.5
2517,88,100,1,1,qam,0.5
2518,89,93,1,1,qam,0.5
2519,89,94,1,1,qam,0.5
2520,89,98,1,1,qam,0.5
2521,89,99,1,1,qam,0.5
2522,89,100,1,1,qam,0.5
2523,90,91,1,1,qam,0.5
2524,90,92,1,1,qam,0.5
2525,90,94,1,1,qam,0.5
2526,90,95,1,1,qam,0.5
2527,90,96,1,1,qam,0.5
2528,90,97,1,1,qam,0.5
2529,90,99,1,1,qam,0.5
2530,91,92,1,1,qam,0.5
2531,91,94,1,1,qam,0.5
2532,91,95,1,1,qam,0.5
2533,91,96,1,1,qam,0.5
2534,91,97,1,1,qam,0.5
2535,91,99,1,1,qam,0.5
2536,92,94,1,1,qam,0.5
2537,92,95,1,1,qam,0.5
2538,92,96,1,1,qam,0.5
2539,92,97,1,1,qam,0.5
2540,92,99,1,1,qam,0.5
2541,93,98,1,1,qam,0.5
2542,93,99,1,1,qam,0.5
2543,93,100,1,1,qam,0.5
2544,94,95,1,1,qam,0.5
2545,94,96,1,1,qam,0.5
2546,94,97,1,1,qam,0.5
2547,94,98,1,1,qam,0.5
2548,94,99,1,1,qam,0.5
2549,94,100,1,1,qam,0.5
2550,95,96,1,1,qam,0.5
2551,95,97,1,1,qam,0.5
2552,95,99,1,1,qam,0.5
2553,96,97,1,1,qam,0.5
2554,96,99,1,1,qam,0.5
2555,96,100,1,1,qam,0.5
2556,97,98,1,1,qam,0.5
2557,97,99,1,1,qam,0.5
2558,97,100,1,1,qam,0.5
2559,98,99,1,1,qam,0.5
2560,98,100,1,1,qam,0.5
2561,99,100,1,1,qam,0.5
